Causes name,Causes Full Description,Death Numbers,Entity,cca3,Year
Cardiovascular diseases,Deaths - Cardiovascular diseases - Sex: Both - Age: All Ages (Number),48,Northern Mariana Islands,MNP,1990
Neoplasms,Deaths - Neoplasms - Sex: Both - Age: All Ages (Number),31,Northern Mariana Islands,MNP,1990
Digestive diseases,Deaths - Digestive diseases - Sex: Both - Age: All Ages (Number),13,Northern Mariana Islands,MNP,1990
Road injuries,Deaths - Road injuries - Sex: Both - Age: All Ages (Number),11,Northern Mariana Islands,MNP,1990
Chronic respiratory diseases,Deaths - Chronic respiratory diseases - Sex: Both - Age: All Ages (Number),10,Northern Mariana Islands,MNP,1990
Cirrhosis and other chronic liver diseases,Deaths - Cirrhosis and other chronic liver diseases - Sex: Both - Age: All Ages (Number),10,Northern Mariana Islands,MNP,1990
Lower respiratory infections,Deaths - Lower respiratory infections - Sex: Both - Age: All Ages (Number),8,Northern Mariana Islands,MNP,1990
Self-harm,Deaths - Self-harm - Sex: Both - Age: All Ages (Number),8,Northern Mariana Islands,MNP,1990
Diabetes mellitus,Deaths - Diabetes mellitus - Sex: Both - Age: All Ages (Number),8,Northern Mariana Islands,MNP,1990
Chronic kidney disease,Deaths - Chronic kidney disease - Sex: Both - Age: All Ages (Number),7,Northern Mariana Islands,MNP,1990
Neonatal disorders,Deaths - Neonatal disorders - Sex: Both - Age: All Ages (Number),5,Northern Mariana Islands,MNP,1990
Drowning,Deaths - Drowning - Sex: Both - Age: All Ages (Number),4,Northern Mariana Islands,MNP,1990
Interpersonal violence,Deaths - Interpersonal violence - Sex: Both - Age: All Ages (Number),4,Northern Mariana Islands,MNP,1990
Tuberculosis,Deaths - Tuberculosis - Sex: Both - Age: All Ages (Number),2,Northern Mariana Islands,MNP,1990
Maternal disorders,Deaths - Maternal disorders - Sex: Both - Age: All Ages (Number),1,Northern Mariana Islands,MNP,1990
Alcohol use disorders,Deaths - Alcohol use disorders - Sex: Both - Age: All Ages (Number),1,Northern Mariana Islands,MNP,1990
Diarrheal diseases,Deaths - Diarrheal diseases - Sex: Both - Age: All Ages (Number),1,Northern Mariana Islands,MNP,1990
Nutritional deficiencies,Deaths - Nutritional deficiencies - Sex: Both - Age: All Ages (Number),1,Northern Mariana Islands,MNP,1990
Protein-energy malnutrition,Deaths - Protein-energy malnutrition - Sex: Both - Age: All Ages (Number),1,Northern Mariana Islands,MNP,1990
Alzheimer's disease and other dementias,Deaths - Alzheimer's disease and other dementias - Sex: Both - Age: All Ages (Number),1,Northern Mariana Islands,MNP,1990
Parkinson's disease,Deaths - Parkinson's disease - Sex: Both - Age: All Ages (Number),1,Northern Mariana Islands,MNP,1990
Meningitis,Deaths - Meningitis - Sex: Both - Age: All Ages (Number),0,Northern Mariana Islands,MNP,1990
"Fire, heat, and hot substances","Deaths - Fire, heat, and hot substances - Sex: Both - Age: All Ages (Number)",0,Northern Mariana Islands,MNP,1990
Malaria,Deaths - Malaria - Sex: Both - Age: All Ages (Number),0,Northern Mariana Islands,MNP,1990
HIV/AIDS,Deaths - HIV/AIDS - Sex: Both - Age: All Ages (Number),0,Northern Mariana Islands,MNP,1990
Drug use disorders,Deaths - Drug use disorders - Sex: Both - Age: All Ages (Number),0,Northern Mariana Islands,MNP,1990
Exposure to forces of nature,Deaths - Exposure to forces of nature - Sex: Both - Age: All Ages (Number),0,Northern Mariana Islands,MNP,1990
Environmental heat and cold exposure,Deaths - Environmental heat and cold exposure - Sex: Both - Age: All Ages (Number),0,Northern Mariana Islands,MNP,1990
Conflict and terrorism,Deaths - Conflict and terrorism - Sex: Both - Age: All Ages (Number),0,Northern Mariana Islands,MNP,1990
Poisonings,Deaths - Poisonings - Sex: Both - Age: All Ages (Number),0,Northern Mariana Islands,MNP,1990
Acute hepatitis,Deaths - Acute hepatitis - Sex: Both - Age: All Ages (Number),0,Northern Mariana Islands,MNP,1990
Terrorism (deaths),Deaths - Terrorism (deaths) ---,,Northern Mariana Islands,MNP,1990
Number of executions (Amnesty International),Deaths - Number of executions (Amnesty International) ---,,Northern Mariana Islands,MNP,1990
Cardiovascular diseases,Deaths - Cardiovascular diseases - Sex: Both - Age: All Ages (Number),50,Northern Mariana Islands,MNP,1991
Neoplasms,Deaths - Neoplasms - Sex: Both - Age: All Ages (Number),33,Northern Mariana Islands,MNP,1991
Digestive diseases,Deaths - Digestive diseases - Sex: Both - Age: All Ages (Number),14,Northern Mariana Islands,MNP,1991
Road injuries,Deaths - Road injuries - Sex: Both - Age: All Ages (Number),11,Northern Mariana Islands,MNP,1991
Chronic respiratory diseases,Deaths - Chronic respiratory diseases - Sex: Both - Age: All Ages (Number),11,Northern Mariana Islands,MNP,1991
Cirrhosis and other chronic liver diseases,Deaths - Cirrhosis and other chronic liver diseases - Sex: Both - Age: All Ages (Number),11,Northern Mariana Islands,MNP,1991
Lower respiratory infections,Deaths - Lower respiratory infections - Sex: Both - Age: All Ages (Number),8,Northern Mariana Islands,MNP,1991
Self-harm,Deaths - Self-harm - Sex: Both - Age: All Ages (Number),8,Northern Mariana Islands,MNP,1991
Diabetes mellitus,Deaths - Diabetes mellitus - Sex: Both - Age: All Ages (Number),8,Northern Mariana Islands,MNP,1991
Chronic kidney disease,Deaths - Chronic kidney disease - Sex: Both - Age: All Ages (Number),8,Northern Mariana Islands,MNP,1991
Neonatal disorders,Deaths - Neonatal disorders - Sex: Both - Age: All Ages (Number),5,Northern Mariana Islands,MNP,1991
Drowning,Deaths - Drowning - Sex: Both - Age: All Ages (Number),4,Northern Mariana Islands,MNP,1991
Interpersonal violence,Deaths - Interpersonal violence - Sex: Both - Age: All Ages (Number),4,Northern Mariana Islands,MNP,1991
Tuberculosis,Deaths - Tuberculosis - Sex: Both - Age: All Ages (Number),2,Northern Mariana Islands,MNP,1991
Alcohol use disorders,Deaths - Alcohol use disorders - Sex: Both - Age: All Ages (Number),2,Northern Mariana Islands,MNP,1991
"Fire, heat, and hot substances","Deaths - Fire, heat, and hot substances - Sex: Both - Age: All Ages (Number)",1,Northern Mariana Islands,MNP,1991
Maternal disorders,Deaths - Maternal disorders - Sex: Both - Age: All Ages (Number),1,Northern Mariana Islands,MNP,1991
Diarrheal diseases,Deaths - Diarrheal diseases - Sex: Both - Age: All Ages (Number),1,Northern Mariana Islands,MNP,1991
Nutritional deficiencies,Deaths - Nutritional deficiencies - Sex: Both - Age: All Ages (Number),1,Northern Mariana Islands,MNP,1991
Protein-energy malnutrition,Deaths - Protein-energy malnutrition - Sex: Both - Age: All Ages (Number),1,Northern Mariana Islands,MNP,1991
Alzheimer's disease and other dementias,Deaths - Alzheimer's disease and other dementias - Sex: Both - Age: All Ages (Number),1,Northern Mariana Islands,MNP,1991
Parkinson's disease,Deaths - Parkinson's disease - Sex: Both - Age: All Ages (Number),1,Northern Mariana Islands,MNP,1991
Meningitis,Deaths - Meningitis - Sex: Both - Age: All Ages (Number),0,Northern Mariana Islands,MNP,1991
Malaria,Deaths - Malaria - Sex: Both - Age: All Ages (Number),0,Northern Mariana Islands,MNP,1991
HIV/AIDS,Deaths - HIV/AIDS - Sex: Both - Age: All Ages (Number),0,Northern Mariana Islands,MNP,1991
Drug use disorders,Deaths - Drug use disorders - Sex: Both - Age: All Ages (Number),0,Northern Mariana Islands,MNP,1991
Exposure to forces of nature,Deaths - Exposure to forces of nature - Sex: Both - Age: All Ages (Number),0,Northern Mariana Islands,MNP,1991
Environmental heat and cold exposure,Deaths - Environmental heat and cold exposure - Sex: Both - Age: All Ages (Number),0,Northern Mariana Islands,MNP,1991
Conflict and terrorism,Deaths - Conflict and terrorism - Sex: Both - Age: All Ages (Number),0,Northern Mariana Islands,MNP,1991
Poisonings,Deaths - Poisonings - Sex: Both - Age: All Ages (Number),0,Northern Mariana Islands,MNP,1991
Acute hepatitis,Deaths - Acute hepatitis - Sex: Both - Age: All Ages (Number),0,Northern Mariana Islands,MNP,1991
Terrorism (deaths),Deaths - Terrorism (deaths) ---,,Northern Mariana Islands,MNP,1991
Number of executions (Amnesty International),Deaths - Number of executions (Amnesty International) ---,,Northern Mariana Islands,MNP,1991
Cardiovascular diseases,Deaths - Cardiovascular diseases - Sex: Both - Age: All Ages (Number),51,Northern Mariana Islands,MNP,1992
Neoplasms,Deaths - Neoplasms - Sex: Both - Age: All Ages (Number),33,Northern Mariana Islands,MNP,1992
Digestive diseases,Deaths - Digestive diseases - Sex: Both - Age: All Ages (Number),14,Northern Mariana Islands,MNP,1992
Road injuries,Deaths - Road injuries - Sex: Both - Age: All Ages (Number),11,Northern Mariana Islands,MNP,1992
Chronic respiratory diseases,Deaths - Chronic respiratory diseases - Sex: Both - Age: All Ages (Number),11,Northern Mariana Islands,MNP,1992
Cirrhosis and other chronic liver diseases,Deaths - Cirrhosis and other chronic liver diseases - Sex: Both - Age: All Ages (Number),10,Northern Mariana Islands,MNP,1992
Lower respiratory infections,Deaths - Lower respiratory infections - Sex: Both - Age: All Ages (Number),8,Northern Mariana Islands,MNP,1992
Self-harm,Deaths - Self-harm - Sex: Both - Age: All Ages (Number),8,Northern Mariana Islands,MNP,1992
Diabetes mellitus,Deaths - Diabetes mellitus - Sex: Both - Age: All Ages (Number),8,Northern Mariana Islands,MNP,1992
Chronic kidney disease,Deaths - Chronic kidney disease - Sex: Both - Age: All Ages (Number),8,Northern Mariana Islands,MNP,1992
Neonatal disorders,Deaths - Neonatal disorders - Sex: Both - Age: All Ages (Number),5,Northern Mariana Islands,MNP,1992
Drowning,Deaths - Drowning - Sex: Both - Age: All Ages (Number),4,Northern Mariana Islands,MNP,1992
Interpersonal violence,Deaths - Interpersonal violence - Sex: Both - Age: All Ages (Number),4,Northern Mariana Islands,MNP,1992
Tuberculosis,Deaths - Tuberculosis - Sex: Both - Age: All Ages (Number),2,Northern Mariana Islands,MNP,1992
Alcohol use disorders,Deaths - Alcohol use disorders - Sex: Both - Age: All Ages (Number),2,Northern Mariana Islands,MNP,1992
"Fire, heat, and hot substances","Deaths - Fire, heat, and hot substances - Sex: Both - Age: All Ages (Number)",1,Northern Mariana Islands,MNP,1992
Maternal disorders,Deaths - Maternal disorders - Sex: Both - Age: All Ages (Number),1,Northern Mariana Islands,MNP,1992
Diarrheal diseases,Deaths - Diarrheal diseases - Sex: Both - Age: All Ages (Number),1,Northern Mariana Islands,MNP,1992
Nutritional deficiencies,Deaths - Nutritional deficiencies - Sex: Both - Age: All Ages (Number),1,Northern Mariana Islands,MNP,1992
Protein-energy malnutrition,Deaths - Protein-energy malnutrition - Sex: Both - Age: All Ages (Number),1,Northern Mariana Islands,MNP,1992
Alzheimer's disease and other dementias,Deaths - Alzheimer's disease and other dementias - Sex: Both - Age: All Ages (Number),1,Northern Mariana Islands,MNP,1992
Parkinson's disease,Deaths - Parkinson's disease - Sex: Both - Age: All Ages (Number),1,Northern Mariana Islands,MNP,1992
Meningitis,Deaths - Meningitis - Sex: Both - Age: All Ages (Number),0,Northern Mariana Islands,MNP,1992
Malaria,Deaths - Malaria - Sex: Both - Age: All Ages (Number),0,Northern Mariana Islands,MNP,1992
HIV/AIDS,Deaths - HIV/AIDS - Sex: Both - Age: All Ages (Number),0,Northern Mariana Islands,MNP,1992
Drug use disorders,Deaths - Drug use disorders - Sex: Both - Age: All Ages (Number),0,Northern Mariana Islands,MNP,1992
Exposure to forces of nature,Deaths - Exposure to forces of nature - Sex: Both - Age: All Ages (Number),0,Northern Mariana Islands,MNP,1992
Environmental heat and cold exposure,Deaths - Environmental heat and cold exposure - Sex: Both - Age: All Ages (Number),0,Northern Mariana Islands,MNP,1992
Conflict and terrorism,Deaths - Conflict and terrorism - Sex: Both - Age: All Ages (Number),0,Northern Mariana Islands,MNP,1992
Poisonings,Deaths - Poisonings - Sex: Both - Age: All Ages (Number),0,Northern Mariana Islands,MNP,1992
Acute hepatitis,Deaths - Acute hepatitis - Sex: Both - Age: All Ages (Number),0,Northern Mariana Islands,MNP,1992
Terrorism (deaths),Deaths - Terrorism (deaths) ---,,Northern Mariana Islands,MNP,1992
Number of executions (Amnesty International),Deaths - Number of executions (Amnesty International) ---,,Northern Mariana Islands,MNP,1992
Cardiovascular diseases,Deaths - Cardiovascular diseases - Sex: Both - Age: All Ages (Number),50,Northern Mariana Islands,MNP,1993
Neoplasms,Deaths - Neoplasms - Sex: Both - Age: All Ages (Number),33,Northern Mariana Islands,MNP,1993
Digestive diseases,Deaths - Digestive diseases - Sex: Both - Age: All Ages (Number),13,Northern Mariana Islands,MNP,1993
Chronic respiratory diseases,Deaths - Chronic respiratory diseases - Sex: Both - Age: All Ages (Number),11,Northern Mariana Islands,MNP,1993
Road injuries,Deaths - Road injuries - Sex: Both - Age: All Ages (Number),10,Northern Mariana Islands,MNP,1993
Cirrhosis and other chronic liver diseases,Deaths - Cirrhosis and other chronic liver diseases - Sex: Both - Age: All Ages (Number),10,Northern Mariana Islands,MNP,1993
Lower respiratory infections,Deaths - Lower respiratory infections - Sex: Both - Age: All Ages (Number),8,Northern Mariana Islands,MNP,1993
Self-harm,Deaths - Self-harm - Sex: Both - Age: All Ages (Number),8,Northern Mariana Islands,MNP,1993
Diabetes mellitus,Deaths - Diabetes mellitus - Sex: Both - Age: All Ages (Number),8,Northern Mariana Islands,MNP,1993
Chronic kidney disease,Deaths - Chronic kidney disease - Sex: Both - Age: All Ages (Number),8,Northern Mariana Islands,MNP,1993
Drowning,Deaths - Drowning - Sex: Both - Age: All Ages (Number),4,Northern Mariana Islands,MNP,1993
Interpersonal violence,Deaths - Interpersonal violence - Sex: Both - Age: All Ages (Number),4,Northern Mariana Islands,MNP,1993
Neonatal disorders,Deaths - Neonatal disorders - Sex: Both - Age: All Ages (Number),4,Northern Mariana Islands,MNP,1993
Tuberculosis,Deaths - Tuberculosis - Sex: Both - Age: All Ages (Number),2,Northern Mariana Islands,MNP,1993
Alzheimer's disease and other dementias,Deaths - Alzheimer's disease and other dementias - Sex: Both - Age: All Ages (Number),2,Northern Mariana Islands,MNP,1993
"Fire, heat, and hot substances","Deaths - Fire, heat, and hot substances - Sex: Both - Age: All Ages (Number)",1,Northern Mariana Islands,MNP,1993
Maternal disorders,Deaths - Maternal disorders - Sex: Both - Age: All Ages (Number),1,Northern Mariana Islands,MNP,1993
Alcohol use disorders,Deaths - Alcohol use disorders - Sex: Both - Age: All Ages (Number),1,Northern Mariana Islands,MNP,1993
Diarrheal diseases,Deaths - Diarrheal diseases - Sex: Both - Age: All Ages (Number),1,Northern Mariana Islands,MNP,1993
Nutritional deficiencies,Deaths - Nutritional deficiencies - Sex: Both - Age: All Ages (Number),1,Northern Mariana Islands,MNP,1993
Protein-energy malnutrition,Deaths - Protein-energy malnutrition - Sex: Both - Age: All Ages (Number),1,Northern Mariana Islands,MNP,1993
Parkinson's disease,Deaths - Parkinson's disease - Sex: Both - Age: All Ages (Number),1,Northern Mariana Islands,MNP,1993
Meningitis,Deaths - Meningitis - Sex: Both - Age: All Ages (Number),0,Northern Mariana Islands,MNP,1993
Malaria,Deaths - Malaria - Sex: Both - Age: All Ages (Number),0,Northern Mariana Islands,MNP,1993
HIV/AIDS,Deaths - HIV/AIDS - Sex: Both - Age: All Ages (Number),0,Northern Mariana Islands,MNP,1993
Drug use disorders,Deaths - Drug use disorders - Sex: Both - Age: All Ages (Number),0,Northern Mariana Islands,MNP,1993
Exposure to forces of nature,Deaths - Exposure to forces of nature - Sex: Both - Age: All Ages (Number),0,Northern Mariana Islands,MNP,1993
Environmental heat and cold exposure,Deaths - Environmental heat and cold exposure - Sex: Both - Age: All Ages (Number),0,Northern Mariana Islands,MNP,1993
Conflict and terrorism,Deaths - Conflict and terrorism - Sex: Both - Age: All Ages (Number),0,Northern Mariana Islands,MNP,1993
Poisonings,Deaths - Poisonings - Sex: Both - Age: All Ages (Number),0,Northern Mariana Islands,MNP,1993
Acute hepatitis,Deaths - Acute hepatitis - Sex: Both - Age: All Ages (Number),0,Northern Mariana Islands,MNP,1993
Terrorism (deaths),Deaths - Terrorism (deaths) ---,,Northern Mariana Islands,MNP,1993
Number of executions (Amnesty International),Deaths - Number of executions (Amnesty International) ---,,Northern Mariana Islands,MNP,1993
Cardiovascular diseases,Deaths - Cardiovascular diseases - Sex: Both - Age: All Ages (Number),50,Northern Mariana Islands,MNP,1994
Neoplasms,Deaths - Neoplasms - Sex: Both - Age: All Ages (Number),33,Northern Mariana Islands,MNP,1994
Digestive diseases,Deaths - Digestive diseases - Sex: Both - Age: All Ages (Number),13,Northern Mariana Islands,MNP,1994
Chronic respiratory diseases,Deaths - Chronic respiratory diseases - Sex: Both - Age: All Ages (Number),11,Northern Mariana Islands,MNP,1994
Road injuries,Deaths - Road injuries - Sex: Both - Age: All Ages (Number),10,Northern Mariana Islands,MNP,1994
Cirrhosis and other chronic liver diseases,Deaths - Cirrhosis and other chronic liver diseases - Sex: Both - Age: All Ages (Number),10,Northern Mariana Islands,MNP,1994
Lower respiratory infections,Deaths - Lower respiratory infections - Sex: Both - Age: All Ages (Number),8,Northern Mariana Islands,MNP,1994
Self-harm,Deaths - Self-harm - Sex: Both - Age: All Ages (Number),8,Northern Mariana Islands,MNP,1994
Diabetes mellitus,Deaths - Diabetes mellitus - Sex: Both - Age: All Ages (Number),8,Northern Mariana Islands,MNP,1994
Chronic kidney disease,Deaths - Chronic kidney disease - Sex: Both - Age: All Ages (Number),8,Northern Mariana Islands,MNP,1994
Drowning,Deaths - Drowning - Sex: Both - Age: All Ages (Number),4,Northern Mariana Islands,MNP,1994
Interpersonal violence,Deaths - Interpersonal violence - Sex: Both - Age: All Ages (Number),4,Northern Mariana Islands,MNP,1994
Neonatal disorders,Deaths - Neonatal disorders - Sex: Both - Age: All Ages (Number),4,Northern Mariana Islands,MNP,1994
Tuberculosis,Deaths - Tuberculosis - Sex: Both - Age: All Ages (Number),2,Northern Mariana Islands,MNP,1994
Alzheimer's disease and other dementias,Deaths - Alzheimer's disease and other dementias - Sex: Both - Age: All Ages (Number),2,Northern Mariana Islands,MNP,1994
Maternal disorders,Deaths - Maternal disorders - Sex: Both - Age: All Ages (Number),1,Northern Mariana Islands,MNP,1994
Alcohol use disorders,Deaths - Alcohol use disorders - Sex: Both - Age: All Ages (Number),1,Northern Mariana Islands,MNP,1994
Diarrheal diseases,Deaths - Diarrheal diseases - Sex: Both - Age: All Ages (Number),1,Northern Mariana Islands,MNP,1994
Nutritional deficiencies,Deaths - Nutritional deficiencies - Sex: Both - Age: All Ages (Number),1,Northern Mariana Islands,MNP,1994
Protein-energy malnutrition,Deaths - Protein-energy malnutrition - Sex: Both - Age: All Ages (Number),1,Northern Mariana Islands,MNP,1994
Parkinson's disease,Deaths - Parkinson's disease - Sex: Both - Age: All Ages (Number),1,Northern Mariana Islands,MNP,1994
Meningitis,Deaths - Meningitis - Sex: Both - Age: All Ages (Number),0,Northern Mariana Islands,MNP,1994
"Fire, heat, and hot substances","Deaths - Fire, heat, and hot substances - Sex: Both - Age: All Ages (Number)",0,Northern Mariana Islands,MNP,1994
Malaria,Deaths - Malaria - Sex: Both - Age: All Ages (Number),0,Northern Mariana Islands,MNP,1994
HIV/AIDS,Deaths - HIV/AIDS - Sex: Both - Age: All Ages (Number),0,Northern Mariana Islands,MNP,1994
Drug use disorders,Deaths - Drug use disorders - Sex: Both - Age: All Ages (Number),0,Northern Mariana Islands,MNP,1994
Exposure to forces of nature,Deaths - Exposure to forces of nature - Sex: Both - Age: All Ages (Number),0,Northern Mariana Islands,MNP,1994
Environmental heat and cold exposure,Deaths - Environmental heat and cold exposure - Sex: Both - Age: All Ages (Number),0,Northern Mariana Islands,MNP,1994
Conflict and terrorism,Deaths - Conflict and terrorism - Sex: Both - Age: All Ages (Number),0,Northern Mariana Islands,MNP,1994
Poisonings,Deaths - Poisonings - Sex: Both - Age: All Ages (Number),0,Northern Mariana Islands,MNP,1994
Acute hepatitis,Deaths - Acute hepatitis - Sex: Both - Age: All Ages (Number),0,Northern Mariana Islands,MNP,1994
Terrorism (deaths),Deaths - Terrorism (deaths) ---,,Northern Mariana Islands,MNP,1994
Number of executions (Amnesty International),Deaths - Number of executions (Amnesty International) ---,,Northern Mariana Islands,MNP,1994
Cardiovascular diseases,Deaths - Cardiovascular diseases - Sex: Both - Age: All Ages (Number),51,Northern Mariana Islands,MNP,1995
Neoplasms,Deaths - Neoplasms - Sex: Both - Age: All Ages (Number),34,Northern Mariana Islands,MNP,1995
Digestive diseases,Deaths - Digestive diseases - Sex: Both - Age: All Ages (Number),14,Northern Mariana Islands,MNP,1995
Road injuries,Deaths - Road injuries - Sex: Both - Age: All Ages (Number),11,Northern Mariana Islands,MNP,1995
Chronic respiratory diseases,Deaths - Chronic respiratory diseases - Sex: Both - Age: All Ages (Number),11,Northern Mariana Islands,MNP,1995
Cirrhosis and other chronic liver diseases,Deaths - Cirrhosis and other chronic liver diseases - Sex: Both - Age: All Ages (Number),10,Northern Mariana Islands,MNP,1995
Diabetes mellitus,Deaths - Diabetes mellitus - Sex: Both - Age: All Ages (Number),9,Northern Mariana Islands,MNP,1995
Chronic kidney disease,Deaths - Chronic kidney disease - Sex: Both - Age: All Ages (Number),9,Northern Mariana Islands,MNP,1995
Lower respiratory infections,Deaths - Lower respiratory infections - Sex: Both - Age: All Ages (Number),8,Northern Mariana Islands,MNP,1995
Self-harm,Deaths - Self-harm - Sex: Both - Age: All Ages (Number),8,Northern Mariana Islands,MNP,1995
Drowning,Deaths - Drowning - Sex: Both - Age: All Ages (Number),4,Northern Mariana Islands,MNP,1995
Interpersonal violence,Deaths - Interpersonal violence - Sex: Both - Age: All Ages (Number),4,Northern Mariana Islands,MNP,1995
Neonatal disorders,Deaths - Neonatal disorders - Sex: Both - Age: All Ages (Number),4,Northern Mariana Islands,MNP,1995
Tuberculosis,Deaths - Tuberculosis - Sex: Both - Age: All Ages (Number),2,Northern Mariana Islands,MNP,1995
Alzheimer's disease and other dementias,Deaths - Alzheimer's disease and other dementias - Sex: Both - Age: All Ages (Number),2,Northern Mariana Islands,MNP,1995
Maternal disorders,Deaths - Maternal disorders - Sex: Both - Age: All Ages (Number),1,Northern Mariana Islands,MNP,1995
Alcohol use disorders,Deaths - Alcohol use disorders - Sex: Both - Age: All Ages (Number),1,Northern Mariana Islands,MNP,1995
Diarrheal diseases,Deaths - Diarrheal diseases - Sex: Both - Age: All Ages (Number),1,Northern Mariana Islands,MNP,1995
Nutritional deficiencies,Deaths - Nutritional deficiencies - Sex: Both - Age: All Ages (Number),1,Northern Mariana Islands,MNP,1995
Protein-energy malnutrition,Deaths - Protein-energy malnutrition - Sex: Both - Age: All Ages (Number),1,Northern Mariana Islands,MNP,1995
Parkinson's disease,Deaths - Parkinson's disease - Sex: Both - Age: All Ages (Number),1,Northern Mariana Islands,MNP,1995
Meningitis,Deaths - Meningitis - Sex: Both - Age: All Ages (Number),0,Northern Mariana Islands,MNP,1995
"Fire, heat, and hot substances","Deaths - Fire, heat, and hot substances - Sex: Both - Age: All Ages (Number)",0,Northern Mariana Islands,MNP,1995
Malaria,Deaths - Malaria - Sex: Both - Age: All Ages (Number),0,Northern Mariana Islands,MNP,1995
HIV/AIDS,Deaths - HIV/AIDS - Sex: Both - Age: All Ages (Number),0,Northern Mariana Islands,MNP,1995
Drug use disorders,Deaths - Drug use disorders - Sex: Both - Age: All Ages (Number),0,Northern Mariana Islands,MNP,1995
Exposure to forces of nature,Deaths - Exposure to forces of nature - Sex: Both - Age: All Ages (Number),0,Northern Mariana Islands,MNP,1995
Environmental heat and cold exposure,Deaths - Environmental heat and cold exposure - Sex: Both - Age: All Ages (Number),0,Northern Mariana Islands,MNP,1995
Conflict and terrorism,Deaths - Conflict and terrorism - Sex: Both - Age: All Ages (Number),0,Northern Mariana Islands,MNP,1995
Poisonings,Deaths - Poisonings - Sex: Both - Age: All Ages (Number),0,Northern Mariana Islands,MNP,1995
Acute hepatitis,Deaths - Acute hepatitis - Sex: Both - Age: All Ages (Number),0,Northern Mariana Islands,MNP,1995
Terrorism (deaths),Deaths - Terrorism (deaths) ---,,Northern Mariana Islands,MNP,1995
Number of executions (Amnesty International),Deaths - Number of executions (Amnesty International) ---,,Northern Mariana Islands,MNP,1995
Cardiovascular diseases,Deaths - Cardiovascular diseases - Sex: Both - Age: All Ages (Number),54,Northern Mariana Islands,MNP,1996
Neoplasms,Deaths - Neoplasms - Sex: Both - Age: All Ages (Number),35,Northern Mariana Islands,MNP,1996
Digestive diseases,Deaths - Digestive diseases - Sex: Both - Age: All Ages (Number),14,Northern Mariana Islands,MNP,1996
Road injuries,Deaths - Road injuries - Sex: Both - Age: All Ages (Number),11,Northern Mariana Islands,MNP,1996
Chronic respiratory diseases,Deaths - Chronic respiratory diseases - Sex: Both - Age: All Ages (Number),11,Northern Mariana Islands,MNP,1996
Cirrhosis and other chronic liver diseases,Deaths - Cirrhosis and other chronic liver diseases - Sex: Both - Age: All Ages (Number),11,Northern Mariana Islands,MNP,1996
Diabetes mellitus,Deaths - Diabetes mellitus - Sex: Both - Age: All Ages (Number),9,Northern Mariana Islands,MNP,1996
Chronic kidney disease,Deaths - Chronic kidney disease - Sex: Both - Age: All Ages (Number),9,Northern Mariana Islands,MNP,1996
Lower respiratory infections,Deaths - Lower respiratory infections - Sex: Both - Age: All Ages (Number),8,Northern Mariana Islands,MNP,1996
Self-harm,Deaths - Self-harm - Sex: Both - Age: All Ages (Number),8,Northern Mariana Islands,MNP,1996
Drowning,Deaths - Drowning - Sex: Both - Age: All Ages (Number),4,Northern Mariana Islands,MNP,1996
Interpersonal violence,Deaths - Interpersonal violence - Sex: Both - Age: All Ages (Number),4,Northern Mariana Islands,MNP,1996
Neonatal disorders,Deaths - Neonatal disorders - Sex: Both - Age: All Ages (Number),4,Northern Mariana Islands,MNP,1996
Tuberculosis,Deaths - Tuberculosis - Sex: Both - Age: All Ages (Number),2,Northern Mariana Islands,MNP,1996
Alcohol use disorders,Deaths - Alcohol use disorders - Sex: Both - Age: All Ages (Number),2,Northern Mariana Islands,MNP,1996
Alzheimer's disease and other dementias,Deaths - Alzheimer's disease and other dementias - Sex: Both - Age: All Ages (Number),2,Northern Mariana Islands,MNP,1996
"Fire, heat, and hot substances","Deaths - Fire, heat, and hot substances - Sex: Both - Age: All Ages (Number)",1,Northern Mariana Islands,MNP,1996
Maternal disorders,Deaths - Maternal disorders - Sex: Both - Age: All Ages (Number),1,Northern Mariana Islands,MNP,1996
Diarrheal diseases,Deaths - Diarrheal diseases - Sex: Both - Age: All Ages (Number),1,Northern Mariana Islands,MNP,1996
Nutritional deficiencies,Deaths - Nutritional deficiencies - Sex: Both - Age: All Ages (Number),1,Northern Mariana Islands,MNP,1996
Protein-energy malnutrition,Deaths - Protein-energy malnutrition - Sex: Both - Age: All Ages (Number),1,Northern Mariana Islands,MNP,1996
Parkinson's disease,Deaths - Parkinson's disease - Sex: Both - Age: All Ages (Number),1,Northern Mariana Islands,MNP,1996
Meningitis,Deaths - Meningitis - Sex: Both - Age: All Ages (Number),0,Northern Mariana Islands,MNP,1996
Malaria,Deaths - Malaria - Sex: Both - Age: All Ages (Number),0,Northern Mariana Islands,MNP,1996
HIV/AIDS,Deaths - HIV/AIDS - Sex: Both - Age: All Ages (Number),0,Northern Mariana Islands,MNP,1996
Drug use disorders,Deaths - Drug use disorders - Sex: Both - Age: All Ages (Number),0,Northern Mariana Islands,MNP,1996
Exposure to forces of nature,Deaths - Exposure to forces of nature - Sex: Both - Age: All Ages (Number),0,Northern Mariana Islands,MNP,1996
Environmental heat and cold exposure,Deaths - Environmental heat and cold exposure - Sex: Both - Age: All Ages (Number),0,Northern Mariana Islands,MNP,1996
Conflict and terrorism,Deaths - Conflict and terrorism - Sex: Both - Age: All Ages (Number),0,Northern Mariana Islands,MNP,1996
Poisonings,Deaths - Poisonings - Sex: Both - Age: All Ages (Number),0,Northern Mariana Islands,MNP,1996
Acute hepatitis,Deaths - Acute hepatitis - Sex: Both - Age: All Ages (Number),0,Northern Mariana Islands,MNP,1996
Terrorism (deaths),Deaths - Terrorism (deaths) ---,,Northern Mariana Islands,MNP,1996
Number of executions (Amnesty International),Deaths - Number of executions (Amnesty International) ---,,Northern Mariana Islands,MNP,1996
Cardiovascular diseases,Deaths - Cardiovascular diseases - Sex: Both - Age: All Ages (Number),57,Northern Mariana Islands,MNP,1997
Neoplasms,Deaths - Neoplasms - Sex: Both - Age: All Ages (Number),38,Northern Mariana Islands,MNP,1997
Digestive diseases,Deaths - Digestive diseases - Sex: Both - Age: All Ages (Number),15,Northern Mariana Islands,MNP,1997
Road injuries,Deaths - Road injuries - Sex: Both - Age: All Ages (Number),12,Northern Mariana Islands,MNP,1997
Chronic respiratory diseases,Deaths - Chronic respiratory diseases - Sex: Both - Age: All Ages (Number),12,Northern Mariana Islands,MNP,1997
Cirrhosis and other chronic liver diseases,Deaths - Cirrhosis and other chronic liver diseases - Sex: Both - Age: All Ages (Number),12,Northern Mariana Islands,MNP,1997
Diabetes mellitus,Deaths - Diabetes mellitus - Sex: Both - Age: All Ages (Number),10,Northern Mariana Islands,MNP,1997
Chronic kidney disease,Deaths - Chronic kidney disease - Sex: Both - Age: All Ages (Number),10,Northern Mariana Islands,MNP,1997
Lower respiratory infections,Deaths - Lower respiratory infections - Sex: Both - Age: All Ages (Number),9,Northern Mariana Islands,MNP,1997
Self-harm,Deaths - Self-harm - Sex: Both - Age: All Ages (Number),9,Northern Mariana Islands,MNP,1997
Drowning,Deaths - Drowning - Sex: Both - Age: All Ages (Number),5,Northern Mariana Islands,MNP,1997
Neonatal disorders,Deaths - Neonatal disorders - Sex: Both - Age: All Ages (Number),5,Northern Mariana Islands,MNP,1997
Interpersonal violence,Deaths - Interpersonal violence - Sex: Both - Age: All Ages (Number),4,Northern Mariana Islands,MNP,1997
Tuberculosis,Deaths - Tuberculosis - Sex: Both - Age: All Ages (Number),2,Northern Mariana Islands,MNP,1997
Alcohol use disorders,Deaths - Alcohol use disorders - Sex: Both - Age: All Ages (Number),2,Northern Mariana Islands,MNP,1997
Alzheimer's disease and other dementias,Deaths - Alzheimer's disease and other dementias - Sex: Both - Age: All Ages (Number),2,Northern Mariana Islands,MNP,1997
"Fire, heat, and hot substances","Deaths - Fire, heat, and hot substances - Sex: Both - Age: All Ages (Number)",1,Northern Mariana Islands,MNP,1997
HIV/AIDS,Deaths - HIV/AIDS - Sex: Both - Age: All Ages (Number),1,Northern Mariana Islands,MNP,1997
Maternal disorders,Deaths - Maternal disorders - Sex: Both - Age: All Ages (Number),1,Northern Mariana Islands,MNP,1997
Diarrheal diseases,Deaths - Diarrheal diseases - Sex: Both - Age: All Ages (Number),1,Northern Mariana Islands,MNP,1997
Nutritional deficiencies,Deaths - Nutritional deficiencies - Sex: Both - Age: All Ages (Number),1,Northern Mariana Islands,MNP,1997
Protein-energy malnutrition,Deaths - Protein-energy malnutrition - Sex: Both - Age: All Ages (Number),1,Northern Mariana Islands,MNP,1997
Parkinson's disease,Deaths - Parkinson's disease - Sex: Both - Age: All Ages (Number),1,Northern Mariana Islands,MNP,1997
Meningitis,Deaths - Meningitis - Sex: Both - Age: All Ages (Number),0,Northern Mariana Islands,MNP,1997
Malaria,Deaths - Malaria - Sex: Both - Age: All Ages (Number),0,Northern Mariana Islands,MNP,1997
Drug use disorders,Deaths - Drug use disorders - Sex: Both - Age: All Ages (Number),0,Northern Mariana Islands,MNP,1997
Exposure to forces of nature,Deaths - Exposure to forces of nature - Sex: Both - Age: All Ages (Number),0,Northern Mariana Islands,MNP,1997
Environmental heat and cold exposure,Deaths - Environmental heat and cold exposure - Sex: Both - Age: All Ages (Number),0,Northern Mariana Islands,MNP,1997
Conflict and terrorism,Deaths - Conflict and terrorism - Sex: Both - Age: All Ages (Number),0,Northern Mariana Islands,MNP,1997
Poisonings,Deaths - Poisonings - Sex: Both - Age: All Ages (Number),0,Northern Mariana Islands,MNP,1997
Acute hepatitis,Deaths - Acute hepatitis - Sex: Both - Age: All Ages (Number),0,Northern Mariana Islands,MNP,1997
Terrorism (deaths),Deaths - Terrorism (deaths) ---,,Northern Mariana Islands,MNP,1997
Number of executions (Amnesty International),Deaths - Number of executions (Amnesty International) ---,,Northern Mariana Islands,MNP,1997
Cardiovascular diseases,Deaths - Cardiovascular diseases - Sex: Both - Age: All Ages (Number),61,Northern Mariana Islands,MNP,1998
Neoplasms,Deaths - Neoplasms - Sex: Both - Age: All Ages (Number),40,Northern Mariana Islands,MNP,1998
Digestive diseases,Deaths - Digestive diseases - Sex: Both - Age: All Ages (Number),17,Northern Mariana Islands,MNP,1998
Road injuries,Deaths - Road injuries - Sex: Both - Age: All Ages (Number),14,Northern Mariana Islands,MNP,1998
Chronic respiratory diseases,Deaths - Chronic respiratory diseases - Sex: Both - Age: All Ages (Number),13,Northern Mariana Islands,MNP,1998
Cirrhosis and other chronic liver diseases,Deaths - Cirrhosis and other chronic liver diseases - Sex: Both - Age: All Ages (Number),13,Northern Mariana Islands,MNP,1998
Diabetes mellitus,Deaths - Diabetes mellitus - Sex: Both - Age: All Ages (Number),11,Northern Mariana Islands,MNP,1998
Chronic kidney disease,Deaths - Chronic kidney disease - Sex: Both - Age: All Ages (Number),11,Northern Mariana Islands,MNP,1998
Lower respiratory infections,Deaths - Lower respiratory infections - Sex: Both - Age: All Ages (Number),10,Northern Mariana Islands,MNP,1998
Self-harm,Deaths - Self-harm - Sex: Both - Age: All Ages (Number),10,Northern Mariana Islands,MNP,1998
Neonatal disorders,Deaths - Neonatal disorders - Sex: Both - Age: All Ages (Number),7,Northern Mariana Islands,MNP,1998
Drowning,Deaths - Drowning - Sex: Both - Age: All Ages (Number),5,Northern Mariana Islands,MNP,1998
Interpersonal violence,Deaths - Interpersonal violence - Sex: Both - Age: All Ages (Number),5,Northern Mariana Islands,MNP,1998
Tuberculosis,Deaths - Tuberculosis - Sex: Both - Age: All Ages (Number),2,Northern Mariana Islands,MNP,1998
Alcohol use disorders,Deaths - Alcohol use disorders - Sex: Both - Age: All Ages (Number),2,Northern Mariana Islands,MNP,1998
Alzheimer's disease and other dementias,Deaths - Alzheimer's disease and other dementias - Sex: Both - Age: All Ages (Number),2,Northern Mariana Islands,MNP,1998
"Fire, heat, and hot substances","Deaths - Fire, heat, and hot substances - Sex: Both - Age: All Ages (Number)",1,Northern Mariana Islands,MNP,1998
HIV/AIDS,Deaths - HIV/AIDS - Sex: Both - Age: All Ages (Number),1,Northern Mariana Islands,MNP,1998
Maternal disorders,Deaths - Maternal disorders - Sex: Both - Age: All Ages (Number),1,Northern Mariana Islands,MNP,1998
Diarrheal diseases,Deaths - Diarrheal diseases - Sex: Both - Age: All Ages (Number),1,Northern Mariana Islands,MNP,1998
Nutritional deficiencies,Deaths - Nutritional deficiencies - Sex: Both - Age: All Ages (Number),1,Northern Mariana Islands,MNP,1998
Protein-energy malnutrition,Deaths - Protein-energy malnutrition - Sex: Both - Age: All Ages (Number),1,Northern Mariana Islands,MNP,1998
Parkinson's disease,Deaths - Parkinson's disease - Sex: Both - Age: All Ages (Number),1,Northern Mariana Islands,MNP,1998
Meningitis,Deaths - Meningitis - Sex: Both - Age: All Ages (Number),0,Northern Mariana Islands,MNP,1998
Malaria,Deaths - Malaria - Sex: Both - Age: All Ages (Number),0,Northern Mariana Islands,MNP,1998
Drug use disorders,Deaths - Drug use disorders - Sex: Both - Age: All Ages (Number),0,Northern Mariana Islands,MNP,1998
Exposure to forces of nature,Deaths - Exposure to forces of nature - Sex: Both - Age: All Ages (Number),0,Northern Mariana Islands,MNP,1998
Environmental heat and cold exposure,Deaths - Environmental heat and cold exposure - Sex: Both - Age: All Ages (Number),0,Northern Mariana Islands,MNP,1998
Conflict and terrorism,Deaths - Conflict and terrorism - Sex: Both - Age: All Ages (Number),0,Northern Mariana Islands,MNP,1998
Poisonings,Deaths - Poisonings - Sex: Both - Age: All Ages (Number),0,Northern Mariana Islands,MNP,1998
Acute hepatitis,Deaths - Acute hepatitis - Sex: Both - Age: All Ages (Number),0,Northern Mariana Islands,MNP,1998
Terrorism (deaths),Deaths - Terrorism (deaths) ---,,Northern Mariana Islands,MNP,1998
Number of executions (Amnesty International),Deaths - Number of executions (Amnesty International) ---,,Northern Mariana Islands,MNP,1998
Cardiovascular diseases,Deaths - Cardiovascular diseases - Sex: Both - Age: All Ages (Number),66,Northern Mariana Islands,MNP,1999
Neoplasms,Deaths - Neoplasms - Sex: Both - Age: All Ages (Number),42,Northern Mariana Islands,MNP,1999
Digestive diseases,Deaths - Digestive diseases - Sex: Both - Age: All Ages (Number),18,Northern Mariana Islands,MNP,1999
Road injuries,Deaths - Road injuries - Sex: Both - Age: All Ages (Number),14,Northern Mariana Islands,MNP,1999
Cirrhosis and other chronic liver diseases,Deaths - Cirrhosis and other chronic liver diseases - Sex: Both - Age: All Ages (Number),14,Northern Mariana Islands,MNP,1999
Chronic respiratory diseases,Deaths - Chronic respiratory diseases - Sex: Both - Age: All Ages (Number),13,Northern Mariana Islands,MNP,1999
Chronic kidney disease,Deaths - Chronic kidney disease - Sex: Both - Age: All Ages (Number),12,Northern Mariana Islands,MNP,1999
Lower respiratory infections,Deaths - Lower respiratory infections - Sex: Both - Age: All Ages (Number),11,Northern Mariana Islands,MNP,1999
Diabetes mellitus,Deaths - Diabetes mellitus - Sex: Both - Age: All Ages (Number),11,Northern Mariana Islands,MNP,1999
Self-harm,Deaths - Self-harm - Sex: Both - Age: All Ages (Number),10,Northern Mariana Islands,MNP,1999
Neonatal disorders,Deaths - Neonatal disorders - Sex: Both - Age: All Ages (Number),7,Northern Mariana Islands,MNP,1999
Drowning,Deaths - Drowning - Sex: Both - Age: All Ages (Number),5,Northern Mariana Islands,MNP,1999
Interpersonal violence,Deaths - Interpersonal violence - Sex: Both - Age: All Ages (Number),5,Northern Mariana Islands,MNP,1999
Tuberculosis,Deaths - Tuberculosis - Sex: Both - Age: All Ages (Number),2,Northern Mariana Islands,MNP,1999
Alcohol use disorders,Deaths - Alcohol use disorders - Sex: Both - Age: All Ages (Number),2,Northern Mariana Islands,MNP,1999
Alzheimer's disease and other dementias,Deaths - Alzheimer's disease and other dementias - Sex: Both - Age: All Ages (Number),2,Northern Mariana Islands,MNP,1999
"Fire, heat, and hot substances","Deaths - Fire, heat, and hot substances - Sex: Both - Age: All Ages (Number)",1,Northern Mariana Islands,MNP,1999
HIV/AIDS,Deaths - HIV/AIDS - Sex: Both - Age: All Ages (Number),1,Northern Mariana Islands,MNP,1999
Maternal disorders,Deaths - Maternal disorders - Sex: Both - Age: All Ages (Number),1,Northern Mariana Islands,MNP,1999
Diarrheal diseases,Deaths - Diarrheal diseases - Sex: Both - Age: All Ages (Number),1,Northern Mariana Islands,MNP,1999
Nutritional deficiencies,Deaths - Nutritional deficiencies - Sex: Both - Age: All Ages (Number),1,Northern Mariana Islands,MNP,1999
Protein-energy malnutrition,Deaths - Protein-energy malnutrition - Sex: Both - Age: All Ages (Number),1,Northern Mariana Islands,MNP,1999
Parkinson's disease,Deaths - Parkinson's disease - Sex: Both - Age: All Ages (Number),1,Northern Mariana Islands,MNP,1999
Meningitis,Deaths - Meningitis - Sex: Both - Age: All Ages (Number),0,Northern Mariana Islands,MNP,1999
Malaria,Deaths - Malaria - Sex: Both - Age: All Ages (Number),0,Northern Mariana Islands,MNP,1999
Drug use disorders,Deaths - Drug use disorders - Sex: Both - Age: All Ages (Number),0,Northern Mariana Islands,MNP,1999
Exposure to forces of nature,Deaths - Exposure to forces of nature - Sex: Both - Age: All Ages (Number),0,Northern Mariana Islands,MNP,1999
Environmental heat and cold exposure,Deaths - Environmental heat and cold exposure - Sex: Both - Age: All Ages (Number),0,Northern Mariana Islands,MNP,1999
Conflict and terrorism,Deaths - Conflict and terrorism - Sex: Both - Age: All Ages (Number),0,Northern Mariana Islands,MNP,1999
Poisonings,Deaths - Poisonings - Sex: Both - Age: All Ages (Number),0,Northern Mariana Islands,MNP,1999
Acute hepatitis,Deaths - Acute hepatitis - Sex: Both - Age: All Ages (Number),0,Northern Mariana Islands,MNP,1999
Terrorism (deaths),Deaths - Terrorism (deaths) ---,,Northern Mariana Islands,MNP,1999
Number of executions (Amnesty International),Deaths - Number of executions (Amnesty International) ---,,Northern Mariana Islands,MNP,1999
Cardiovascular diseases,Deaths - Cardiovascular diseases - Sex: Both - Age: All Ages (Number),70,Northern Mariana Islands,MNP,2000
Neoplasms,Deaths - Neoplasms - Sex: Both - Age: All Ages (Number),45,Northern Mariana Islands,MNP,2000
Digestive diseases,Deaths - Digestive diseases - Sex: Both - Age: All Ages (Number),19,Northern Mariana Islands,MNP,2000
Road injuries,Deaths - Road injuries - Sex: Both - Age: All Ages (Number),15,Northern Mariana Islands,MNP,2000
Cirrhosis and other chronic liver diseases,Deaths - Cirrhosis and other chronic liver diseases - Sex: Both - Age: All Ages (Number),15,Northern Mariana Islands,MNP,2000
Chronic respiratory diseases,Deaths - Chronic respiratory diseases - Sex: Both - Age: All Ages (Number),14,Northern Mariana Islands,MNP,2000
Diabetes mellitus,Deaths - Diabetes mellitus - Sex: Both - Age: All Ages (Number),13,Northern Mariana Islands,MNP,2000
Chronic kidney disease,Deaths - Chronic kidney disease - Sex: Both - Age: All Ages (Number),13,Northern Mariana Islands,MNP,2000
Lower respiratory infections,Deaths - Lower respiratory infections - Sex: Both - Age: All Ages (Number),11,Northern Mariana Islands,MNP,2000
Self-harm,Deaths - Self-harm - Sex: Both - Age: All Ages (Number),11,Northern Mariana Islands,MNP,2000
Neonatal disorders,Deaths - Neonatal disorders - Sex: Both - Age: All Ages (Number),7,Northern Mariana Islands,MNP,2000
Drowning,Deaths - Drowning - Sex: Both - Age: All Ages (Number),6,Northern Mariana Islands,MNP,2000
Interpersonal violence,Deaths - Interpersonal violence - Sex: Both - Age: All Ages (Number),5,Northern Mariana Islands,MNP,2000
Tuberculosis,Deaths - Tuberculosis - Sex: Both - Age: All Ages (Number),2,Northern Mariana Islands,MNP,2000
Alcohol use disorders,Deaths - Alcohol use disorders - Sex: Both - Age: All Ages (Number),2,Northern Mariana Islands,MNP,2000
Alzheimer's disease and other dementias,Deaths - Alzheimer's disease and other dementias - Sex: Both - Age: All Ages (Number),2,Northern Mariana Islands,MNP,2000
"Fire, heat, and hot substances","Deaths - Fire, heat, and hot substances - Sex: Both - Age: All Ages (Number)",1,Northern Mariana Islands,MNP,2000
HIV/AIDS,Deaths - HIV/AIDS - Sex: Both - Age: All Ages (Number),1,Northern Mariana Islands,MNP,2000
Maternal disorders,Deaths - Maternal disorders - Sex: Both - Age: All Ages (Number),1,Northern Mariana Islands,MNP,2000
Diarrheal diseases,Deaths - Diarrheal diseases - Sex: Both - Age: All Ages (Number),1,Northern Mariana Islands,MNP,2000
Nutritional deficiencies,Deaths - Nutritional deficiencies - Sex: Both - Age: All Ages (Number),1,Northern Mariana Islands,MNP,2000
Protein-energy malnutrition,Deaths - Protein-energy malnutrition - Sex: Both - Age: All Ages (Number),1,Northern Mariana Islands,MNP,2000
Parkinson's disease,Deaths - Parkinson's disease - Sex: Both - Age: All Ages (Number),1,Northern Mariana Islands,MNP,2000
Meningitis,Deaths - Meningitis - Sex: Both - Age: All Ages (Number),0,Northern Mariana Islands,MNP,2000
Malaria,Deaths - Malaria - Sex: Both - Age: All Ages (Number),0,Northern Mariana Islands,MNP,2000
Drug use disorders,Deaths - Drug use disorders - Sex: Both - Age: All Ages (Number),0,Northern Mariana Islands,MNP,2000
Exposure to forces of nature,Deaths - Exposure to forces of nature - Sex: Both - Age: All Ages (Number),0,Northern Mariana Islands,MNP,2000
Environmental heat and cold exposure,Deaths - Environmental heat and cold exposure - Sex: Both - Age: All Ages (Number),0,Northern Mariana Islands,MNP,2000
Conflict and terrorism,Deaths - Conflict and terrorism - Sex: Both - Age: All Ages (Number),0,Northern Mariana Islands,MNP,2000
Poisonings,Deaths - Poisonings - Sex: Both - Age: All Ages (Number),0,Northern Mariana Islands,MNP,2000
Acute hepatitis,Deaths - Acute hepatitis - Sex: Both - Age: All Ages (Number),0,Northern Mariana Islands,MNP,2000
Terrorism (deaths),Deaths - Terrorism (deaths) ---,,Northern Mariana Islands,MNP,2000
Number of executions (Amnesty International),Deaths - Number of executions (Amnesty International) ---,,Northern Mariana Islands,MNP,2000
Cardiovascular diseases,Deaths - Cardiovascular diseases - Sex: Both - Age: All Ages (Number),72,Northern Mariana Islands,MNP,2001
Neoplasms,Deaths - Neoplasms - Sex: Both - Age: All Ages (Number),48,Northern Mariana Islands,MNP,2001
Digestive diseases,Deaths - Digestive diseases - Sex: Both - Age: All Ages (Number),19,Northern Mariana Islands,MNP,2001
Road injuries,Deaths - Road injuries - Sex: Both - Age: All Ages (Number),15,Northern Mariana Islands,MNP,2001
Diabetes mellitus,Deaths - Diabetes mellitus - Sex: Both - Age: All Ages (Number),15,Northern Mariana Islands,MNP,2001
Chronic respiratory diseases,Deaths - Chronic respiratory diseases - Sex: Both - Age: All Ages (Number),14,Northern Mariana Islands,MNP,2001
Cirrhosis and other chronic liver diseases,Deaths - Cirrhosis and other chronic liver diseases - Sex: Both - Age: All Ages (Number),14,Northern Mariana Islands,MNP,2001
Chronic kidney disease,Deaths - Chronic kidney disease - Sex: Both - Age: All Ages (Number),13,Northern Mariana Islands,MNP,2001
Lower respiratory infections,Deaths - Lower respiratory infections - Sex: Both - Age: All Ages (Number),11,Northern Mariana Islands,MNP,2001
Self-harm,Deaths - Self-harm - Sex: Both - Age: All Ages (Number),11,Northern Mariana Islands,MNP,2001
Drowning,Deaths - Drowning - Sex: Both - Age: All Ages (Number),6,Northern Mariana Islands,MNP,2001
Neonatal disorders,Deaths - Neonatal disorders - Sex: Both - Age: All Ages (Number),6,Northern Mariana Islands,MNP,2001
Interpersonal violence,Deaths - Interpersonal violence - Sex: Both - Age: All Ages (Number),5,Northern Mariana Islands,MNP,2001
Tuberculosis,Deaths - Tuberculosis - Sex: Both - Age: All Ages (Number),2,Northern Mariana Islands,MNP,2001
Alcohol use disorders,Deaths - Alcohol use disorders - Sex: Both - Age: All Ages (Number),2,Northern Mariana Islands,MNP,2001
Alzheimer's disease and other dementias,Deaths - Alzheimer's disease and other dementias - Sex: Both - Age: All Ages (Number),2,Northern Mariana Islands,MNP,2001
"Fire, heat, and hot substances","Deaths - Fire, heat, and hot substances - Sex: Both - Age: All Ages (Number)",1,Northern Mariana Islands,MNP,2001
HIV/AIDS,Deaths - HIV/AIDS - Sex: Both - Age: All Ages (Number),1,Northern Mariana Islands,MNP,2001
Maternal disorders,Deaths - Maternal disorders - Sex: Both - Age: All Ages (Number),1,Northern Mariana Islands,MNP,2001
Diarrheal diseases,Deaths - Diarrheal diseases - Sex: Both - Age: All Ages (Number),1,Northern Mariana Islands,MNP,2001
Nutritional deficiencies,Deaths - Nutritional deficiencies - Sex: Both - Age: All Ages (Number),1,Northern Mariana Islands,MNP,2001
Protein-energy malnutrition,Deaths - Protein-energy malnutrition - Sex: Both - Age: All Ages (Number),1,Northern Mariana Islands,MNP,2001
Parkinson's disease,Deaths - Parkinson's disease - Sex: Both - Age: All Ages (Number),1,Northern Mariana Islands,MNP,2001
Meningitis,Deaths - Meningitis - Sex: Both - Age: All Ages (Number),0,Northern Mariana Islands,MNP,2001
Malaria,Deaths - Malaria - Sex: Both - Age: All Ages (Number),0,Northern Mariana Islands,MNP,2001
Drug use disorders,Deaths - Drug use disorders - Sex: Both - Age: All Ages (Number),0,Northern Mariana Islands,MNP,2001
Exposure to forces of nature,Deaths - Exposure to forces of nature - Sex: Both - Age: All Ages (Number),0,Northern Mariana Islands,MNP,2001
Environmental heat and cold exposure,Deaths - Environmental heat and cold exposure - Sex: Both - Age: All Ages (Number),0,Northern Mariana Islands,MNP,2001
Conflict and terrorism,Deaths - Conflict and terrorism - Sex: Both - Age: All Ages (Number),0,Northern Mariana Islands,MNP,2001
Poisonings,Deaths - Poisonings - Sex: Both - Age: All Ages (Number),0,Northern Mariana Islands,MNP,2001
Acute hepatitis,Deaths - Acute hepatitis - Sex: Both - Age: All Ages (Number),0,Northern Mariana Islands,MNP,2001
Terrorism (deaths),Deaths - Terrorism (deaths) ---,,Northern Mariana Islands,MNP,2001
Number of executions (Amnesty International),Deaths - Number of executions (Amnesty International) ---,,Northern Mariana Islands,MNP,2001
Cardiovascular diseases,Deaths - Cardiovascular diseases - Sex: Both - Age: All Ages (Number),72,Northern Mariana Islands,MNP,2002
Neoplasms,Deaths - Neoplasms - Sex: Both - Age: All Ages (Number),49,Northern Mariana Islands,MNP,2002
Digestive diseases,Deaths - Digestive diseases - Sex: Both - Age: All Ages (Number),18,Northern Mariana Islands,MNP,2002
Diabetes mellitus,Deaths - Diabetes mellitus - Sex: Both - Age: All Ages (Number),16,Northern Mariana Islands,MNP,2002
Road injuries,Deaths - Road injuries - Sex: Both - Age: All Ages (Number),14,Northern Mariana Islands,MNP,2002
Chronic kidney disease,Deaths - Chronic kidney disease - Sex: Both - Age: All Ages (Number),14,Northern Mariana Islands,MNP,2002
Chronic respiratory diseases,Deaths - Chronic respiratory diseases - Sex: Both - Age: All Ages (Number),14,Northern Mariana Islands,MNP,2002
Cirrhosis and other chronic liver diseases,Deaths - Cirrhosis and other chronic liver diseases - Sex: Both - Age: All Ages (Number),13,Northern Mariana Islands,MNP,2002
Self-harm,Deaths - Self-harm - Sex: Both - Age: All Ages (Number),11,Northern Mariana Islands,MNP,2002
Lower respiratory infections,Deaths - Lower respiratory infections - Sex: Both - Age: All Ages (Number),10,Northern Mariana Islands,MNP,2002
Drowning,Deaths - Drowning - Sex: Both - Age: All Ages (Number),6,Northern Mariana Islands,MNP,2002
Interpersonal violence,Deaths - Interpersonal violence - Sex: Both - Age: All Ages (Number),5,Northern Mariana Islands,MNP,2002
Neonatal disorders,Deaths - Neonatal disorders - Sex: Both - Age: All Ages (Number),5,Northern Mariana Islands,MNP,2002
Tuberculosis,Deaths - Tuberculosis - Sex: Both - Age: All Ages (Number),2,Northern Mariana Islands,MNP,2002
Alcohol use disorders,Deaths - Alcohol use disorders - Sex: Both - Age: All Ages (Number),2,Northern Mariana Islands,MNP,2002
Alzheimer's disease and other dementias,Deaths - Alzheimer's disease and other dementias - Sex: Both - Age: All Ages (Number),2,Northern Mariana Islands,MNP,2002
"Fire, heat, and hot substances","Deaths - Fire, heat, and hot substances - Sex: Both - Age: All Ages (Number)",1,Northern Mariana Islands,MNP,2002
HIV/AIDS,Deaths - HIV/AIDS - Sex: Both - Age: All Ages (Number),1,Northern Mariana Islands,MNP,2002
Maternal disorders,Deaths - Maternal disorders - Sex: Both - Age: All Ages (Number),1,Northern Mariana Islands,MNP,2002
Diarrheal diseases,Deaths - Diarrheal diseases - Sex: Both - Age: All Ages (Number),1,Northern Mariana Islands,MNP,2002
Nutritional deficiencies,Deaths - Nutritional deficiencies - Sex: Both - Age: All Ages (Number),1,Northern Mariana Islands,MNP,2002
Protein-energy malnutrition,Deaths - Protein-energy malnutrition - Sex: Both - Age: All Ages (Number),1,Northern Mariana Islands,MNP,2002
Parkinson's disease,Deaths - Parkinson's disease - Sex: Both - Age: All Ages (Number),1,Northern Mariana Islands,MNP,2002
Meningitis,Deaths - Meningitis - Sex: Both - Age: All Ages (Number),0,Northern Mariana Islands,MNP,2002
Malaria,Deaths - Malaria - Sex: Both - Age: All Ages (Number),0,Northern Mariana Islands,MNP,2002
Drug use disorders,Deaths - Drug use disorders - Sex: Both - Age: All Ages (Number),0,Northern Mariana Islands,MNP,2002
Exposure to forces of nature,Deaths - Exposure to forces of nature - Sex: Both - Age: All Ages (Number),0,Northern Mariana Islands,MNP,2002
Environmental heat and cold exposure,Deaths - Environmental heat and cold exposure - Sex: Both - Age: All Ages (Number),0,Northern Mariana Islands,MNP,2002
Conflict and terrorism,Deaths - Conflict and terrorism - Sex: Both - Age: All Ages (Number),0,Northern Mariana Islands,MNP,2002
Poisonings,Deaths - Poisonings - Sex: Both - Age: All Ages (Number),0,Northern Mariana Islands,MNP,2002
Acute hepatitis,Deaths - Acute hepatitis - Sex: Both - Age: All Ages (Number),0,Northern Mariana Islands,MNP,2002
Terrorism (deaths),Deaths - Terrorism (deaths) ---,,Northern Mariana Islands,MNP,2002
Number of executions (Amnesty International),Deaths - Number of executions (Amnesty International) ---,,Northern Mariana Islands,MNP,2002
Cardiovascular diseases,Deaths - Cardiovascular diseases - Sex: Both - Age: All Ages (Number),72,Northern Mariana Islands,MNP,2003
Neoplasms,Deaths - Neoplasms - Sex: Both - Age: All Ages (Number),50,Northern Mariana Islands,MNP,2003
Diabetes mellitus,Deaths - Diabetes mellitus - Sex: Both - Age: All Ages (Number),18,Northern Mariana Islands,MNP,2003
Digestive diseases,Deaths - Digestive diseases - Sex: Both - Age: All Ages (Number),17,Northern Mariana Islands,MNP,2003
Chronic kidney disease,Deaths - Chronic kidney disease - Sex: Both - Age: All Ages (Number),14,Northern Mariana Islands,MNP,2003
Chronic respiratory diseases,Deaths - Chronic respiratory diseases - Sex: Both - Age: All Ages (Number),14,Northern Mariana Islands,MNP,2003
Road injuries,Deaths - Road injuries - Sex: Both - Age: All Ages (Number),13,Northern Mariana Islands,MNP,2003
Cirrhosis and other chronic liver diseases,Deaths - Cirrhosis and other chronic liver diseases - Sex: Both - Age: All Ages (Number),13,Northern Mariana Islands,MNP,2003
Lower respiratory infections,Deaths - Lower respiratory infections - Sex: Both - Age: All Ages (Number),10,Northern Mariana Islands,MNP,2003
Self-harm,Deaths - Self-harm - Sex: Both - Age: All Ages (Number),10,Northern Mariana Islands,MNP,2003
Drowning,Deaths - Drowning - Sex: Both - Age: All Ages (Number),6,Northern Mariana Islands,MNP,2003
Interpersonal violence,Deaths - Interpersonal violence - Sex: Both - Age: All Ages (Number),5,Northern Mariana Islands,MNP,2003
Neonatal disorders,Deaths - Neonatal disorders - Sex: Both - Age: All Ages (Number),4,Northern Mariana Islands,MNP,2003
Alzheimer's disease and other dementias,Deaths - Alzheimer's disease and other dementias - Sex: Both - Age: All Ages (Number),3,Northern Mariana Islands,MNP,2003
Tuberculosis,Deaths - Tuberculosis - Sex: Both - Age: All Ages (Number),2,Northern Mariana Islands,MNP,2003
Alcohol use disorders,Deaths - Alcohol use disorders - Sex: Both - Age: All Ages (Number),2,Northern Mariana Islands,MNP,2003
"Fire, heat, and hot substances","Deaths - Fire, heat, and hot substances - Sex: Both - Age: All Ages (Number)",1,Northern Mariana Islands,MNP,2003
HIV/AIDS,Deaths - HIV/AIDS - Sex: Both - Age: All Ages (Number),1,Northern Mariana Islands,MNP,2003
Maternal disorders,Deaths - Maternal disorders - Sex: Both - Age: All Ages (Number),1,Northern Mariana Islands,MNP,2003
Diarrheal diseases,Deaths - Diarrheal diseases - Sex: Both - Age: All Ages (Number),1,Northern Mariana Islands,MNP,2003
Nutritional deficiencies,Deaths - Nutritional deficiencies - Sex: Both - Age: All Ages (Number),1,Northern Mariana Islands,MNP,2003
Protein-energy malnutrition,Deaths - Protein-energy malnutrition - Sex: Both - Age: All Ages (Number),1,Northern Mariana Islands,MNP,2003
Parkinson's disease,Deaths - Parkinson's disease - Sex: Both - Age: All Ages (Number),1,Northern Mariana Islands,MNP,2003
Meningitis,Deaths - Meningitis - Sex: Both - Age: All Ages (Number),0,Northern Mariana Islands,MNP,2003
Malaria,Deaths - Malaria - Sex: Both - Age: All Ages (Number),0,Northern Mariana Islands,MNP,2003
Drug use disorders,Deaths - Drug use disorders - Sex: Both - Age: All Ages (Number),0,Northern Mariana Islands,MNP,2003
Exposure to forces of nature,Deaths - Exposure to forces of nature - Sex: Both - Age: All Ages (Number),0,Northern Mariana Islands,MNP,2003
Environmental heat and cold exposure,Deaths - Environmental heat and cold exposure - Sex: Both - Age: All Ages (Number),0,Northern Mariana Islands,MNP,2003
Conflict and terrorism,Deaths - Conflict and terrorism - Sex: Both - Age: All Ages (Number),0,Northern Mariana Islands,MNP,2003
Poisonings,Deaths - Poisonings - Sex: Both - Age: All Ages (Number),0,Northern Mariana Islands,MNP,2003
Acute hepatitis,Deaths - Acute hepatitis - Sex: Both - Age: All Ages (Number),0,Northern Mariana Islands,MNP,2003
Terrorism (deaths),Deaths - Terrorism (deaths) ---,,Northern Mariana Islands,MNP,2003
Number of executions (Amnesty International),Deaths - Number of executions (Amnesty International) ---,,Northern Mariana Islands,MNP,2003
Cardiovascular diseases,Deaths - Cardiovascular diseases - Sex: Both - Age: All Ages (Number),72,Northern Mariana Islands,MNP,2004
Neoplasms,Deaths - Neoplasms - Sex: Both - Age: All Ages (Number),51,Northern Mariana Islands,MNP,2004
Diabetes mellitus,Deaths - Diabetes mellitus - Sex: Both - Age: All Ages (Number),19,Northern Mariana Islands,MNP,2004
Digestive diseases,Deaths - Digestive diseases - Sex: Both - Age: All Ages (Number),17,Northern Mariana Islands,MNP,2004
Chronic kidney disease,Deaths - Chronic kidney disease - Sex: Both - Age: All Ages (Number),14,Northern Mariana Islands,MNP,2004
Chronic respiratory diseases,Deaths - Chronic respiratory diseases - Sex: Both - Age: All Ages (Number),14,Northern Mariana Islands,MNP,2004
Road injuries,Deaths - Road injuries - Sex: Both - Age: All Ages (Number),12,Northern Mariana Islands,MNP,2004
Cirrhosis and other chronic liver diseases,Deaths - Cirrhosis and other chronic liver diseases - Sex: Both - Age: All Ages (Number),12,Northern Mariana Islands,MNP,2004
Self-harm,Deaths - Self-harm - Sex: Both - Age: All Ages (Number),10,Northern Mariana Islands,MNP,2004
Lower respiratory infections,Deaths - Lower respiratory infections - Sex: Both - Age: All Ages (Number),9,Northern Mariana Islands,MNP,2004
Drowning,Deaths - Drowning - Sex: Both - Age: All Ages (Number),6,Northern Mariana Islands,MNP,2004
Interpersonal violence,Deaths - Interpersonal violence - Sex: Both - Age: All Ages (Number),5,Northern Mariana Islands,MNP,2004
Neonatal disorders,Deaths - Neonatal disorders - Sex: Both - Age: All Ages (Number),4,Northern Mariana Islands,MNP,2004
Exposure to forces of nature,Deaths - Exposure to forces of nature - Sex: Both - Age: All Ages (Number),3,Northern Mariana Islands,MNP,2004
Alzheimer's disease and other dementias,Deaths - Alzheimer's disease and other dementias - Sex: Both - Age: All Ages (Number),3,Northern Mariana Islands,MNP,2004
Alcohol use disorders,Deaths - Alcohol use disorders - Sex: Both - Age: All Ages (Number),2,Northern Mariana Islands,MNP,2004
"Fire, heat, and hot substances","Deaths - Fire, heat, and hot substances - Sex: Both - Age: All Ages (Number)",1,Northern Mariana Islands,MNP,2004
HIV/AIDS,Deaths - HIV/AIDS - Sex: Both - Age: All Ages (Number),1,Northern Mariana Islands,MNP,2004
Tuberculosis,Deaths - Tuberculosis - Sex: Both - Age: All Ages (Number),1,Northern Mariana Islands,MNP,2004
Maternal disorders,Deaths - Maternal disorders - Sex: Both - Age: All Ages (Number),1,Northern Mariana Islands,MNP,2004
Diarrheal diseases,Deaths - Diarrheal diseases - Sex: Both - Age: All Ages (Number),1,Northern Mariana Islands,MNP,2004
Nutritional deficiencies,Deaths - Nutritional deficiencies - Sex: Both - Age: All Ages (Number),1,Northern Mariana Islands,MNP,2004
Conflict and terrorism,Deaths - Conflict and terrorism - Sex: Both - Age: All Ages (Number),1,Northern Mariana Islands,MNP,2004
Protein-energy malnutrition,Deaths - Protein-energy malnutrition - Sex: Both - Age: All Ages (Number),1,Northern Mariana Islands,MNP,2004
Parkinson's disease,Deaths - Parkinson's disease - Sex: Both - Age: All Ages (Number),1,Northern Mariana Islands,MNP,2004
Meningitis,Deaths - Meningitis - Sex: Both - Age: All Ages (Number),0,Northern Mariana Islands,MNP,2004
Malaria,Deaths - Malaria - Sex: Both - Age: All Ages (Number),0,Northern Mariana Islands,MNP,2004
Drug use disorders,Deaths - Drug use disorders - Sex: Both - Age: All Ages (Number),0,Northern Mariana Islands,MNP,2004
Environmental heat and cold exposure,Deaths - Environmental heat and cold exposure - Sex: Both - Age: All Ages (Number),0,Northern Mariana Islands,MNP,2004
Poisonings,Deaths - Poisonings - Sex: Both - Age: All Ages (Number),0,Northern Mariana Islands,MNP,2004
Acute hepatitis,Deaths - Acute hepatitis - Sex: Both - Age: All Ages (Number),0,Northern Mariana Islands,MNP,2004
Terrorism (deaths),Deaths - Terrorism (deaths) ---,,Northern Mariana Islands,MNP,2004
Number of executions (Amnesty International),Deaths - Number of executions (Amnesty International) ---,,Northern Mariana Islands,MNP,2004
Cardiovascular diseases,Deaths - Cardiovascular diseases - Sex: Both - Age: All Ages (Number),74,Northern Mariana Islands,MNP,2005
Neoplasms,Deaths - Neoplasms - Sex: Both - Age: All Ages (Number),53,Northern Mariana Islands,MNP,2005
Diabetes mellitus,Deaths - Diabetes mellitus - Sex: Both - Age: All Ages (Number),21,Northern Mariana Islands,MNP,2005
Digestive diseases,Deaths - Digestive diseases - Sex: Both - Age: All Ages (Number),17,Northern Mariana Islands,MNP,2005
Chronic respiratory diseases,Deaths - Chronic respiratory diseases - Sex: Both - Age: All Ages (Number),15,Northern Mariana Islands,MNP,2005
Chronic kidney disease,Deaths - Chronic kidney disease - Sex: Both - Age: All Ages (Number),14,Northern Mariana Islands,MNP,2005
Cirrhosis and other chronic liver diseases,Deaths - Cirrhosis and other chronic liver diseases - Sex: Both - Age: All Ages (Number),12,Northern Mariana Islands,MNP,2005
Road injuries,Deaths - Road injuries - Sex: Both - Age: All Ages (Number),11,Northern Mariana Islands,MNP,2005
Self-harm,Deaths - Self-harm - Sex: Both - Age: All Ages (Number),10,Northern Mariana Islands,MNP,2005
Lower respiratory infections,Deaths - Lower respiratory infections - Sex: Both - Age: All Ages (Number),9,Northern Mariana Islands,MNP,2005
Drowning,Deaths - Drowning - Sex: Both - Age: All Ages (Number),6,Northern Mariana Islands,MNP,2005
Interpersonal violence,Deaths - Interpersonal violence - Sex: Both - Age: All Ages (Number),4,Northern Mariana Islands,MNP,2005
Neonatal disorders,Deaths - Neonatal disorders - Sex: Both - Age: All Ages (Number),3,Northern Mariana Islands,MNP,2005
Alzheimer's disease and other dementias,Deaths - Alzheimer's disease and other dementias - Sex: Both - Age: All Ages (Number),3,Northern Mariana Islands,MNP,2005
Alcohol use disorders,Deaths - Alcohol use disorders - Sex: Both - Age: All Ages (Number),2,Northern Mariana Islands,MNP,2005
Conflict and terrorism,Deaths - Conflict and terrorism - Sex: Both - Age: All Ages (Number),2,Northern Mariana Islands,MNP,2005
"Fire, heat, and hot substances","Deaths - Fire, heat, and hot substances - Sex: Both - Age: All Ages (Number)",1,Northern Mariana Islands,MNP,2005
HIV/AIDS,Deaths - HIV/AIDS - Sex: Both - Age: All Ages (Number),1,Northern Mariana Islands,MNP,2005
Tuberculosis,Deaths - Tuberculosis - Sex: Both - Age: All Ages (Number),1,Northern Mariana Islands,MNP,2005
Maternal disorders,Deaths - Maternal disorders - Sex: Both - Age: All Ages (Number),1,Northern Mariana Islands,MNP,2005
Diarrheal diseases,Deaths - Diarrheal diseases - Sex: Both - Age: All Ages (Number),1,Northern Mariana Islands,MNP,2005
Nutritional deficiencies,Deaths - Nutritional deficiencies - Sex: Both - Age: All Ages (Number),1,Northern Mariana Islands,MNP,2005
Protein-energy malnutrition,Deaths - Protein-energy malnutrition - Sex: Both - Age: All Ages (Number),1,Northern Mariana Islands,MNP,2005
Parkinson's disease,Deaths - Parkinson's disease - Sex: Both - Age: All Ages (Number),1,Northern Mariana Islands,MNP,2005
Meningitis,Deaths - Meningitis - Sex: Both - Age: All Ages (Number),0,Northern Mariana Islands,MNP,2005
Malaria,Deaths - Malaria - Sex: Both - Age: All Ages (Number),0,Northern Mariana Islands,MNP,2005
Drug use disorders,Deaths - Drug use disorders - Sex: Both - Age: All Ages (Number),0,Northern Mariana Islands,MNP,2005
Exposure to forces of nature,Deaths - Exposure to forces of nature - Sex: Both - Age: All Ages (Number),0,Northern Mariana Islands,MNP,2005
Environmental heat and cold exposure,Deaths - Environmental heat and cold exposure - Sex: Both - Age: All Ages (Number),0,Northern Mariana Islands,MNP,2005
Poisonings,Deaths - Poisonings - Sex: Both - Age: All Ages (Number),0,Northern Mariana Islands,MNP,2005
Acute hepatitis,Deaths - Acute hepatitis - Sex: Both - Age: All Ages (Number),0,Northern Mariana Islands,MNP,2005
Terrorism (deaths),Deaths - Terrorism (deaths) ---,,Northern Mariana Islands,MNP,2005
Number of executions (Amnesty International),Deaths - Number of executions (Amnesty International) ---,,Northern Mariana Islands,MNP,2005
Cardiovascular diseases,Deaths - Cardiovascular diseases - Sex: Both - Age: All Ages (Number),77,Northern Mariana Islands,MNP,2006
Neoplasms,Deaths - Neoplasms - Sex: Both - Age: All Ages (Number),55,Northern Mariana Islands,MNP,2006
Diabetes mellitus,Deaths - Diabetes mellitus - Sex: Both - Age: All Ages (Number),21,Northern Mariana Islands,MNP,2006
Digestive diseases,Deaths - Digestive diseases - Sex: Both - Age: All Ages (Number),17,Northern Mariana Islands,MNP,2006
Chronic kidney disease,Deaths - Chronic kidney disease - Sex: Both - Age: All Ages (Number),15,Northern Mariana Islands,MNP,2006
Chronic respiratory diseases,Deaths - Chronic respiratory diseases - Sex: Both - Age: All Ages (Number),15,Northern Mariana Islands,MNP,2006
Cirrhosis and other chronic liver diseases,Deaths - Cirrhosis and other chronic liver diseases - Sex: Both - Age: All Ages (Number),12,Northern Mariana Islands,MNP,2006
Road injuries,Deaths - Road injuries - Sex: Both - Age: All Ages (Number),11,Northern Mariana Islands,MNP,2006
Lower respiratory infections,Deaths - Lower respiratory infections - Sex: Both - Age: All Ages (Number),9,Northern Mariana Islands,MNP,2006
Self-harm,Deaths - Self-harm - Sex: Both - Age: All Ages (Number),9,Northern Mariana Islands,MNP,2006
Drowning,Deaths - Drowning - Sex: Both - Age: All Ages (Number),6,Northern Mariana Islands,MNP,2006
Interpersonal violence,Deaths - Interpersonal violence - Sex: Both - Age: All Ages (Number),4,Northern Mariana Islands,MNP,2006
Neonatal disorders,Deaths - Neonatal disorders - Sex: Both - Age: All Ages (Number),3,Northern Mariana Islands,MNP,2006
Alzheimer's disease and other dementias,Deaths - Alzheimer's disease and other dementias - Sex: Both - Age: All Ages (Number),3,Northern Mariana Islands,MNP,2006
Alcohol use disorders,Deaths - Alcohol use disorders - Sex: Both - Age: All Ages (Number),2,Northern Mariana Islands,MNP,2006
Diarrheal diseases,Deaths - Diarrheal diseases - Sex: Both - Age: All Ages (Number),2,Northern Mariana Islands,MNP,2006
Parkinson's disease,Deaths - Parkinson's disease - Sex: Both - Age: All Ages (Number),2,Northern Mariana Islands,MNP,2006
HIV/AIDS,Deaths - HIV/AIDS - Sex: Both - Age: All Ages (Number),1,Northern Mariana Islands,MNP,2006
Tuberculosis,Deaths - Tuberculosis - Sex: Both - Age: All Ages (Number),1,Northern Mariana Islands,MNP,2006
Maternal disorders,Deaths - Maternal disorders - Sex: Both - Age: All Ages (Number),1,Northern Mariana Islands,MNP,2006
Nutritional deficiencies,Deaths - Nutritional deficiencies - Sex: Both - Age: All Ages (Number),1,Northern Mariana Islands,MNP,2006
Protein-energy malnutrition,Deaths - Protein-energy malnutrition - Sex: Both - Age: All Ages (Number),1,Northern Mariana Islands,MNP,2006
Meningitis,Deaths - Meningitis - Sex: Both - Age: All Ages (Number),0,Northern Mariana Islands,MNP,2006
"Fire, heat, and hot substances","Deaths - Fire, heat, and hot substances - Sex: Both - Age: All Ages (Number)",0,Northern Mariana Islands,MNP,2006
Malaria,Deaths - Malaria - Sex: Both - Age: All Ages (Number),0,Northern Mariana Islands,MNP,2006
Drug use disorders,Deaths - Drug use disorders - Sex: Both - Age: All Ages (Number),0,Northern Mariana Islands,MNP,2006
Exposure to forces of nature,Deaths - Exposure to forces of nature - Sex: Both - Age: All Ages (Number),0,Northern Mariana Islands,MNP,2006
Environmental heat and cold exposure,Deaths - Environmental heat and cold exposure - Sex: Both - Age: All Ages (Number),0,Northern Mariana Islands,MNP,2006
Conflict and terrorism,Deaths - Conflict and terrorism - Sex: Both - Age: All Ages (Number),0,Northern Mariana Islands,MNP,2006
Poisonings,Deaths - Poisonings - Sex: Both - Age: All Ages (Number),0,Northern Mariana Islands,MNP,2006
Acute hepatitis,Deaths - Acute hepatitis - Sex: Both - Age: All Ages (Number),0,Northern Mariana Islands,MNP,2006
Terrorism (deaths),Deaths - Terrorism (deaths) ---,,Northern Mariana Islands,MNP,2006
Number of executions (Amnesty International),Deaths - Number of executions (Amnesty International) ---,,Northern Mariana Islands,MNP,2006
Cardiovascular diseases,Deaths - Cardiovascular diseases - Sex: Both - Age: All Ages (Number),80,Northern Mariana Islands,MNP,2007
Neoplasms,Deaths - Neoplasms - Sex: Both - Age: All Ages (Number),57,Northern Mariana Islands,MNP,2007
Diabetes mellitus,Deaths - Diabetes mellitus - Sex: Both - Age: All Ages (Number),22,Northern Mariana Islands,MNP,2007
Digestive diseases,Deaths - Digestive diseases - Sex: Both - Age: All Ages (Number),17,Northern Mariana Islands,MNP,2007
Chronic kidney disease,Deaths - Chronic kidney disease - Sex: Both - Age: All Ages (Number),16,Northern Mariana Islands,MNP,2007
Chronic respiratory diseases,Deaths - Chronic respiratory diseases - Sex: Both - Age: All Ages (Number),15,Northern Mariana Islands,MNP,2007
Cirrhosis and other chronic liver diseases,Deaths - Cirrhosis and other chronic liver diseases - Sex: Both - Age: All Ages (Number),13,Northern Mariana Islands,MNP,2007
Road injuries,Deaths - Road injuries - Sex: Both - Age: All Ages (Number),10,Northern Mariana Islands,MNP,2007
Lower respiratory infections,Deaths - Lower respiratory infections - Sex: Both - Age: All Ages (Number),9,Northern Mariana Islands,MNP,2007
Self-harm,Deaths - Self-harm - Sex: Both - Age: All Ages (Number),9,Northern Mariana Islands,MNP,2007
Drowning,Deaths - Drowning - Sex: Both - Age: All Ages (Number),6,Northern Mariana Islands,MNP,2007
Interpersonal violence,Deaths - Interpersonal violence - Sex: Both - Age: All Ages (Number),4,Northern Mariana Islands,MNP,2007
Neonatal disorders,Deaths - Neonatal disorders - Sex: Both - Age: All Ages (Number),3,Northern Mariana Islands,MNP,2007
Alzheimer's disease and other dementias,Deaths - Alzheimer's disease and other dementias - Sex: Both - Age: All Ages (Number),3,Northern Mariana Islands,MNP,2007
Alcohol use disorders,Deaths - Alcohol use disorders - Sex: Both - Age: All Ages (Number),2,Northern Mariana Islands,MNP,2007
Diarrheal diseases,Deaths - Diarrheal diseases - Sex: Both - Age: All Ages (Number),2,Northern Mariana Islands,MNP,2007
Conflict and terrorism,Deaths - Conflict and terrorism - Sex: Both - Age: All Ages (Number),2,Northern Mariana Islands,MNP,2007
Parkinson's disease,Deaths - Parkinson's disease - Sex: Both - Age: All Ages (Number),2,Northern Mariana Islands,MNP,2007
HIV/AIDS,Deaths - HIV/AIDS - Sex: Both - Age: All Ages (Number),1,Northern Mariana Islands,MNP,2007
Tuberculosis,Deaths - Tuberculosis - Sex: Both - Age: All Ages (Number),1,Northern Mariana Islands,MNP,2007
Maternal disorders,Deaths - Maternal disorders - Sex: Both - Age: All Ages (Number),1,Northern Mariana Islands,MNP,2007
Nutritional deficiencies,Deaths - Nutritional deficiencies - Sex: Both - Age: All Ages (Number),1,Northern Mariana Islands,MNP,2007
Protein-energy malnutrition,Deaths - Protein-energy malnutrition - Sex: Both - Age: All Ages (Number),1,Northern Mariana Islands,MNP,2007
Meningitis,Deaths - Meningitis - Sex: Both - Age: All Ages (Number),0,Northern Mariana Islands,MNP,2007
"Fire, heat, and hot substances","Deaths - Fire, heat, and hot substances - Sex: Both - Age: All Ages (Number)",0,Northern Mariana Islands,MNP,2007
Malaria,Deaths - Malaria - Sex: Both - Age: All Ages (Number),0,Northern Mariana Islands,MNP,2007
Drug use disorders,Deaths - Drug use disorders - Sex: Both - Age: All Ages (Number),0,Northern Mariana Islands,MNP,2007
Exposure to forces of nature,Deaths - Exposure to forces of nature - Sex: Both - Age: All Ages (Number),0,Northern Mariana Islands,MNP,2007
Environmental heat and cold exposure,Deaths - Environmental heat and cold exposure - Sex: Both - Age: All Ages (Number),0,Northern Mariana Islands,MNP,2007
Poisonings,Deaths - Poisonings - Sex: Both - Age: All Ages (Number),0,Northern Mariana Islands,MNP,2007
Acute hepatitis,Deaths - Acute hepatitis - Sex: Both - Age: All Ages (Number),0,Northern Mariana Islands,MNP,2007
Terrorism (deaths),Deaths - Terrorism (deaths) ---,,Northern Mariana Islands,MNP,2007
Number of executions (Amnesty International),Deaths - Number of executions (Amnesty International) ---,,Northern Mariana Islands,MNP,2007
Cardiovascular diseases,Deaths - Cardiovascular diseases - Sex: Both - Age: All Ages (Number),84,Northern Mariana Islands,MNP,2008
Neoplasms,Deaths - Neoplasms - Sex: Both - Age: All Ages (Number),59,Northern Mariana Islands,MNP,2008
Diabetes mellitus,Deaths - Diabetes mellitus - Sex: Both - Age: All Ages (Number),22,Northern Mariana Islands,MNP,2008
Digestive diseases,Deaths - Digestive diseases - Sex: Both - Age: All Ages (Number),18,Northern Mariana Islands,MNP,2008
Chronic kidney disease,Deaths - Chronic kidney disease - Sex: Both - Age: All Ages (Number),16,Northern Mariana Islands,MNP,2008
Chronic respiratory diseases,Deaths - Chronic respiratory diseases - Sex: Both - Age: All Ages (Number),15,Northern Mariana Islands,MNP,2008
Cirrhosis and other chronic liver diseases,Deaths - Cirrhosis and other chronic liver diseases - Sex: Both - Age: All Ages (Number),13,Northern Mariana Islands,MNP,2008
Road injuries,Deaths - Road injuries - Sex: Both - Age: All Ages (Number),9,Northern Mariana Islands,MNP,2008
Lower respiratory infections,Deaths - Lower respiratory infections - Sex: Both - Age: All Ages (Number),9,Northern Mariana Islands,MNP,2008
Self-harm,Deaths - Self-harm - Sex: Both - Age: All Ages (Number),9,Northern Mariana Islands,MNP,2008
Drowning,Deaths - Drowning - Sex: Both - Age: All Ages (Number),5,Northern Mariana Islands,MNP,2008
Interpersonal violence,Deaths - Interpersonal violence - Sex: Both - Age: All Ages (Number),4,Northern Mariana Islands,MNP,2008
Neonatal disorders,Deaths - Neonatal disorders - Sex: Both - Age: All Ages (Number),3,Northern Mariana Islands,MNP,2008
Alzheimer's disease and other dementias,Deaths - Alzheimer's disease and other dementias - Sex: Both - Age: All Ages (Number),3,Northern Mariana Islands,MNP,2008
Alcohol use disorders,Deaths - Alcohol use disorders - Sex: Both - Age: All Ages (Number),2,Northern Mariana Islands,MNP,2008
Diarrheal diseases,Deaths - Diarrheal diseases - Sex: Both - Age: All Ages (Number),2,Northern Mariana Islands,MNP,2008
Parkinson's disease,Deaths - Parkinson's disease - Sex: Both - Age: All Ages (Number),2,Northern Mariana Islands,MNP,2008
HIV/AIDS,Deaths - HIV/AIDS - Sex: Both - Age: All Ages (Number),1,Northern Mariana Islands,MNP,2008
Tuberculosis,Deaths - Tuberculosis - Sex: Both - Age: All Ages (Number),1,Northern Mariana Islands,MNP,2008
Maternal disorders,Deaths - Maternal disorders - Sex: Both - Age: All Ages (Number),1,Northern Mariana Islands,MNP,2008
Nutritional deficiencies,Deaths - Nutritional deficiencies - Sex: Both - Age: All Ages (Number),1,Northern Mariana Islands,MNP,2008
Protein-energy malnutrition,Deaths - Protein-energy malnutrition - Sex: Both - Age: All Ages (Number),1,Northern Mariana Islands,MNP,2008
Meningitis,Deaths - Meningitis - Sex: Both - Age: All Ages (Number),0,Northern Mariana Islands,MNP,2008
"Fire, heat, and hot substances","Deaths - Fire, heat, and hot substances - Sex: Both - Age: All Ages (Number)",0,Northern Mariana Islands,MNP,2008
Malaria,Deaths - Malaria - Sex: Both - Age: All Ages (Number),0,Northern Mariana Islands,MNP,2008
Drug use disorders,Deaths - Drug use disorders - Sex: Both - Age: All Ages (Number),0,Northern Mariana Islands,MNP,2008
Exposure to forces of nature,Deaths - Exposure to forces of nature - Sex: Both - Age: All Ages (Number),0,Northern Mariana Islands,MNP,2008
Environmental heat and cold exposure,Deaths - Environmental heat and cold exposure - Sex: Both - Age: All Ages (Number),0,Northern Mariana Islands,MNP,2008
Conflict and terrorism,Deaths - Conflict and terrorism - Sex: Both - Age: All Ages (Number),0,Northern Mariana Islands,MNP,2008
Poisonings,Deaths - Poisonings - Sex: Both - Age: All Ages (Number),0,Northern Mariana Islands,MNP,2008
Acute hepatitis,Deaths - Acute hepatitis - Sex: Both - Age: All Ages (Number),0,Northern Mariana Islands,MNP,2008
Terrorism (deaths),Deaths - Terrorism (deaths) ---,,Northern Mariana Islands,MNP,2008
Number of executions (Amnesty International),Deaths - Number of executions (Amnesty International) ---,,Northern Mariana Islands,MNP,2008
Cardiovascular diseases,Deaths - Cardiovascular diseases - Sex: Both - Age: All Ages (Number),88,Northern Mariana Islands,MNP,2009
Neoplasms,Deaths - Neoplasms - Sex: Both - Age: All Ages (Number),61,Northern Mariana Islands,MNP,2009
Diabetes mellitus,Deaths - Diabetes mellitus - Sex: Both - Age: All Ages (Number),23,Northern Mariana Islands,MNP,2009
Digestive diseases,Deaths - Digestive diseases - Sex: Both - Age: All Ages (Number),18,Northern Mariana Islands,MNP,2009
Chronic kidney disease,Deaths - Chronic kidney disease - Sex: Both - Age: All Ages (Number),17,Northern Mariana Islands,MNP,2009
Chronic respiratory diseases,Deaths - Chronic respiratory diseases - Sex: Both - Age: All Ages (Number),15,Northern Mariana Islands,MNP,2009
Cirrhosis and other chronic liver diseases,Deaths - Cirrhosis and other chronic liver diseases - Sex: Both - Age: All Ages (Number),13,Northern Mariana Islands,MNP,2009
Road injuries,Deaths - Road injuries - Sex: Both - Age: All Ages (Number),9,Northern Mariana Islands,MNP,2009
Lower respiratory infections,Deaths - Lower respiratory infections - Sex: Both - Age: All Ages (Number),9,Northern Mariana Islands,MNP,2009
Self-harm,Deaths - Self-harm - Sex: Both - Age: All Ages (Number),9,Northern Mariana Islands,MNP,2009
Drowning,Deaths - Drowning - Sex: Both - Age: All Ages (Number),5,Northern Mariana Islands,MNP,2009
Interpersonal violence,Deaths - Interpersonal violence - Sex: Both - Age: All Ages (Number),4,Northern Mariana Islands,MNP,2009
Alzheimer's disease and other dementias,Deaths - Alzheimer's disease and other dementias - Sex: Both - Age: All Ages (Number),4,Northern Mariana Islands,MNP,2009
Neonatal disorders,Deaths - Neonatal disorders - Sex: Both - Age: All Ages (Number),3,Northern Mariana Islands,MNP,2009
Alcohol use disorders,Deaths - Alcohol use disorders - Sex: Both - Age: All Ages (Number),2,Northern Mariana Islands,MNP,2009
Diarrheal diseases,Deaths - Diarrheal diseases - Sex: Both - Age: All Ages (Number),2,Northern Mariana Islands,MNP,2009
Parkinson's disease,Deaths - Parkinson's disease - Sex: Both - Age: All Ages (Number),2,Northern Mariana Islands,MNP,2009
HIV/AIDS,Deaths - HIV/AIDS - Sex: Both - Age: All Ages (Number),1,Northern Mariana Islands,MNP,2009
Tuberculosis,Deaths - Tuberculosis - Sex: Both - Age: All Ages (Number),1,Northern Mariana Islands,MNP,2009
Maternal disorders,Deaths - Maternal disorders - Sex: Both - Age: All Ages (Number),1,Northern Mariana Islands,MNP,2009
Nutritional deficiencies,Deaths - Nutritional deficiencies - Sex: Both - Age: All Ages (Number),1,Northern Mariana Islands,MNP,2009
Protein-energy malnutrition,Deaths - Protein-energy malnutrition - Sex: Both - Age: All Ages (Number),1,Northern Mariana Islands,MNP,2009
Meningitis,Deaths - Meningitis - Sex: Both - Age: All Ages (Number),0,Northern Mariana Islands,MNP,2009
"Fire, heat, and hot substances","Deaths - Fire, heat, and hot substances - Sex: Both - Age: All Ages (Number)",0,Northern Mariana Islands,MNP,2009
Malaria,Deaths - Malaria - Sex: Both - Age: All Ages (Number),0,Northern Mariana Islands,MNP,2009
Drug use disorders,Deaths - Drug use disorders - Sex: Both - Age: All Ages (Number),0,Northern Mariana Islands,MNP,2009
Exposure to forces of nature,Deaths - Exposure to forces of nature - Sex: Both - Age: All Ages (Number),0,Northern Mariana Islands,MNP,2009
Environmental heat and cold exposure,Deaths - Environmental heat and cold exposure - Sex: Both - Age: All Ages (Number),0,Northern Mariana Islands,MNP,2009
Conflict and terrorism,Deaths - Conflict and terrorism - Sex: Both - Age: All Ages (Number),0,Northern Mariana Islands,MNP,2009
Poisonings,Deaths - Poisonings - Sex: Both - Age: All Ages (Number),0,Northern Mariana Islands,MNP,2009
Acute hepatitis,Deaths - Acute hepatitis - Sex: Both - Age: All Ages (Number),0,Northern Mariana Islands,MNP,2009
Terrorism (deaths),Deaths - Terrorism (deaths) ---,,Northern Mariana Islands,MNP,2009
Number of executions (Amnesty International),Deaths - Number of executions (Amnesty International) ---,,Northern Mariana Islands,MNP,2009
Cardiovascular diseases,Deaths - Cardiovascular diseases - Sex: Both - Age: All Ages (Number),91,Northern Mariana Islands,MNP,2010
Neoplasms,Deaths - Neoplasms - Sex: Both - Age: All Ages (Number),63,Northern Mariana Islands,MNP,2010
Diabetes mellitus,Deaths - Diabetes mellitus - Sex: Both - Age: All Ages (Number),23,Northern Mariana Islands,MNP,2010
Chronic kidney disease,Deaths - Chronic kidney disease - Sex: Both - Age: All Ages (Number),18,Northern Mariana Islands,MNP,2010
Digestive diseases,Deaths - Digestive diseases - Sex: Both - Age: All Ages (Number),18,Northern Mariana Islands,MNP,2010
Chronic respiratory diseases,Deaths - Chronic respiratory diseases - Sex: Both - Age: All Ages (Number),15,Northern Mariana Islands,MNP,2010
Cirrhosis and other chronic liver diseases,Deaths - Cirrhosis and other chronic liver diseases - Sex: Both - Age: All Ages (Number),13,Northern Mariana Islands,MNP,2010
Lower respiratory infections,Deaths - Lower respiratory infections - Sex: Both - Age: All Ages (Number),9,Northern Mariana Islands,MNP,2010
Self-harm,Deaths - Self-harm - Sex: Both - Age: All Ages (Number),9,Northern Mariana Islands,MNP,2010
Road injuries,Deaths - Road injuries - Sex: Both - Age: All Ages (Number),8,Northern Mariana Islands,MNP,2010
Drowning,Deaths - Drowning - Sex: Both - Age: All Ages (Number),5,Northern Mariana Islands,MNP,2010
Alzheimer's disease and other dementias,Deaths - Alzheimer's disease and other dementias - Sex: Both - Age: All Ages (Number),4,Northern Mariana Islands,MNP,2010
Interpersonal violence,Deaths - Interpersonal violence - Sex: Both - Age: All Ages (Number),3,Northern Mariana Islands,MNP,2010
Neonatal disorders,Deaths - Neonatal disorders - Sex: Both - Age: All Ages (Number),2,Northern Mariana Islands,MNP,2010
Alcohol use disorders,Deaths - Alcohol use disorders - Sex: Both - Age: All Ages (Number),2,Northern Mariana Islands,MNP,2010
Diarrheal diseases,Deaths - Diarrheal diseases - Sex: Both - Age: All Ages (Number),2,Northern Mariana Islands,MNP,2010
Parkinson's disease,Deaths - Parkinson's disease - Sex: Both - Age: All Ages (Number),2,Northern Mariana Islands,MNP,2010
HIV/AIDS,Deaths - HIV/AIDS - Sex: Both - Age: All Ages (Number),1,Northern Mariana Islands,MNP,2010
Tuberculosis,Deaths - Tuberculosis - Sex: Both - Age: All Ages (Number),1,Northern Mariana Islands,MNP,2010
Maternal disorders,Deaths - Maternal disorders - Sex: Both - Age: All Ages (Number),1,Northern Mariana Islands,MNP,2010
Nutritional deficiencies,Deaths - Nutritional deficiencies - Sex: Both - Age: All Ages (Number),1,Northern Mariana Islands,MNP,2010
Protein-energy malnutrition,Deaths - Protein-energy malnutrition - Sex: Both - Age: All Ages (Number),1,Northern Mariana Islands,MNP,2010
Meningitis,Deaths - Meningitis - Sex: Both - Age: All Ages (Number),0,Northern Mariana Islands,MNP,2010
"Fire, heat, and hot substances","Deaths - Fire, heat, and hot substances - Sex: Both - Age: All Ages (Number)",0,Northern Mariana Islands,MNP,2010
Malaria,Deaths - Malaria - Sex: Both - Age: All Ages (Number),0,Northern Mariana Islands,MNP,2010
Drug use disorders,Deaths - Drug use disorders - Sex: Both - Age: All Ages (Number),0,Northern Mariana Islands,MNP,2010
Exposure to forces of nature,Deaths - Exposure to forces of nature - Sex: Both - Age: All Ages (Number),0,Northern Mariana Islands,MNP,2010
Environmental heat and cold exposure,Deaths - Environmental heat and cold exposure - Sex: Both - Age: All Ages (Number),0,Northern Mariana Islands,MNP,2010
Conflict and terrorism,Deaths - Conflict and terrorism - Sex: Both - Age: All Ages (Number),0,Northern Mariana Islands,MNP,2010
Poisonings,Deaths - Poisonings - Sex: Both - Age: All Ages (Number),0,Northern Mariana Islands,MNP,2010
Acute hepatitis,Deaths - Acute hepatitis - Sex: Both - Age: All Ages (Number),0,Northern Mariana Islands,MNP,2010
Terrorism (deaths),Deaths - Terrorism (deaths) ---,,Northern Mariana Islands,MNP,2010
Number of executions (Amnesty International),Deaths - Number of executions (Amnesty International) ---,,Northern Mariana Islands,MNP,2010
Cardiovascular diseases,Deaths - Cardiovascular diseases - Sex: Both - Age: All Ages (Number),95,Northern Mariana Islands,MNP,2011
Neoplasms,Deaths - Neoplasms - Sex: Both - Age: All Ages (Number),65,Northern Mariana Islands,MNP,2011
Diabetes mellitus,Deaths - Diabetes mellitus - Sex: Both - Age: All Ages (Number),23,Northern Mariana Islands,MNP,2011
Chronic kidney disease,Deaths - Chronic kidney disease - Sex: Both - Age: All Ages (Number),19,Northern Mariana Islands,MNP,2011
Digestive diseases,Deaths - Digestive diseases - Sex: Both - Age: All Ages (Number),18,Northern Mariana Islands,MNP,2011
Chronic respiratory diseases,Deaths - Chronic respiratory diseases - Sex: Both - Age: All Ages (Number),16,Northern Mariana Islands,MNP,2011
Cirrhosis and other chronic liver diseases,Deaths - Cirrhosis and other chronic liver diseases - Sex: Both - Age: All Ages (Number),13,Northern Mariana Islands,MNP,2011
Lower respiratory infections,Deaths - Lower respiratory infections - Sex: Both - Age: All Ages (Number),9,Northern Mariana Islands,MNP,2011
Road injuries,Deaths - Road injuries - Sex: Both - Age: All Ages (Number),8,Northern Mariana Islands,MNP,2011
Self-harm,Deaths - Self-harm - Sex: Both - Age: All Ages (Number),8,Northern Mariana Islands,MNP,2011
Drowning,Deaths - Drowning - Sex: Both - Age: All Ages (Number),5,Northern Mariana Islands,MNP,2011
Alzheimer's disease and other dementias,Deaths - Alzheimer's disease and other dementias - Sex: Both - Age: All Ages (Number),4,Northern Mariana Islands,MNP,2011
Interpersonal violence,Deaths - Interpersonal violence - Sex: Both - Age: All Ages (Number),3,Northern Mariana Islands,MNP,2011
Neonatal disorders,Deaths - Neonatal disorders - Sex: Both - Age: All Ages (Number),2,Northern Mariana Islands,MNP,2011
Alcohol use disorders,Deaths - Alcohol use disorders - Sex: Both - Age: All Ages (Number),2,Northern Mariana Islands,MNP,2011
Diarrheal diseases,Deaths - Diarrheal diseases - Sex: Both - Age: All Ages (Number),2,Northern Mariana Islands,MNP,2011
Parkinson's disease,Deaths - Parkinson's disease - Sex: Both - Age: All Ages (Number),2,Northern Mariana Islands,MNP,2011
HIV/AIDS,Deaths - HIV/AIDS - Sex: Both - Age: All Ages (Number),1,Northern Mariana Islands,MNP,2011
Tuberculosis,Deaths - Tuberculosis - Sex: Both - Age: All Ages (Number),1,Northern Mariana Islands,MNP,2011
Maternal disorders,Deaths - Maternal disorders - Sex: Both - Age: All Ages (Number),1,Northern Mariana Islands,MNP,2011
Nutritional deficiencies,Deaths - Nutritional deficiencies - Sex: Both - Age: All Ages (Number),1,Northern Mariana Islands,MNP,2011
Protein-energy malnutrition,Deaths - Protein-energy malnutrition - Sex: Both - Age: All Ages (Number),1,Northern Mariana Islands,MNP,2011
Meningitis,Deaths - Meningitis - Sex: Both - Age: All Ages (Number),0,Northern Mariana Islands,MNP,2011
"Fire, heat, and hot substances","Deaths - Fire, heat, and hot substances - Sex: Both - Age: All Ages (Number)",0,Northern Mariana Islands,MNP,2011
Malaria,Deaths - Malaria - Sex: Both - Age: All Ages (Number),0,Northern Mariana Islands,MNP,2011
Drug use disorders,Deaths - Drug use disorders - Sex: Both - Age: All Ages (Number),0,Northern Mariana Islands,MNP,2011
Exposure to forces of nature,Deaths - Exposure to forces of nature - Sex: Both - Age: All Ages (Number),0,Northern Mariana Islands,MNP,2011
Environmental heat and cold exposure,Deaths - Environmental heat and cold exposure - Sex: Both - Age: All Ages (Number),0,Northern Mariana Islands,MNP,2011
Conflict and terrorism,Deaths - Conflict and terrorism - Sex: Both - Age: All Ages (Number),0,Northern Mariana Islands,MNP,2011
Poisonings,Deaths - Poisonings - Sex: Both - Age: All Ages (Number),0,Northern Mariana Islands,MNP,2011
Acute hepatitis,Deaths - Acute hepatitis - Sex: Both - Age: All Ages (Number),0,Northern Mariana Islands,MNP,2011
Terrorism (deaths),Deaths - Terrorism (deaths) ---,,Northern Mariana Islands,MNP,2011
Number of executions (Amnesty International),Deaths - Number of executions (Amnesty International) ---,,Northern Mariana Islands,MNP,2011
Cardiovascular diseases,Deaths - Cardiovascular diseases - Sex: Both - Age: All Ages (Number),97,Northern Mariana Islands,MNP,2012
Neoplasms,Deaths - Neoplasms - Sex: Both - Age: All Ages (Number),66,Northern Mariana Islands,MNP,2012
Diabetes mellitus,Deaths - Diabetes mellitus - Sex: Both - Age: All Ages (Number),23,Northern Mariana Islands,MNP,2012
Chronic kidney disease,Deaths - Chronic kidney disease - Sex: Both - Age: All Ages (Number),19,Northern Mariana Islands,MNP,2012
Digestive diseases,Deaths - Digestive diseases - Sex: Both - Age: All Ages (Number),18,Northern Mariana Islands,MNP,2012
Chronic respiratory diseases,Deaths - Chronic respiratory diseases - Sex: Both - Age: All Ages (Number),16,Northern Mariana Islands,MNP,2012
Cirrhosis and other chronic liver diseases,Deaths - Cirrhosis and other chronic liver diseases - Sex: Both - Age: All Ages (Number),12,Northern Mariana Islands,MNP,2012
Lower respiratory infections,Deaths - Lower respiratory infections - Sex: Both - Age: All Ages (Number),10,Northern Mariana Islands,MNP,2012
Self-harm,Deaths - Self-harm - Sex: Both - Age: All Ages (Number),8,Northern Mariana Islands,MNP,2012
Road injuries,Deaths - Road injuries - Sex: Both - Age: All Ages (Number),7,Northern Mariana Islands,MNP,2012
Drowning,Deaths - Drowning - Sex: Both - Age: All Ages (Number),4,Northern Mariana Islands,MNP,2012
Alzheimer's disease and other dementias,Deaths - Alzheimer's disease and other dementias - Sex: Both - Age: All Ages (Number),4,Northern Mariana Islands,MNP,2012
Interpersonal violence,Deaths - Interpersonal violence - Sex: Both - Age: All Ages (Number),3,Northern Mariana Islands,MNP,2012
Neonatal disorders,Deaths - Neonatal disorders - Sex: Both - Age: All Ages (Number),2,Northern Mariana Islands,MNP,2012
Alcohol use disorders,Deaths - Alcohol use disorders - Sex: Both - Age: All Ages (Number),2,Northern Mariana Islands,MNP,2012
Diarrheal diseases,Deaths - Diarrheal diseases - Sex: Both - Age: All Ages (Number),2,Northern Mariana Islands,MNP,2012
Parkinson's disease,Deaths - Parkinson's disease - Sex: Both - Age: All Ages (Number),2,Northern Mariana Islands,MNP,2012
HIV/AIDS,Deaths - HIV/AIDS - Sex: Both - Age: All Ages (Number),1,Northern Mariana Islands,MNP,2012
Tuberculosis,Deaths - Tuberculosis - Sex: Both - Age: All Ages (Number),1,Northern Mariana Islands,MNP,2012
Maternal disorders,Deaths - Maternal disorders - Sex: Both - Age: All Ages (Number),1,Northern Mariana Islands,MNP,2012
Nutritional deficiencies,Deaths - Nutritional deficiencies - Sex: Both - Age: All Ages (Number),1,Northern Mariana Islands,MNP,2012
Protein-energy malnutrition,Deaths - Protein-energy malnutrition - Sex: Both - Age: All Ages (Number),1,Northern Mariana Islands,MNP,2012
Meningitis,Deaths - Meningitis - Sex: Both - Age: All Ages (Number),0,Northern Mariana Islands,MNP,2012
"Fire, heat, and hot substances","Deaths - Fire, heat, and hot substances - Sex: Both - Age: All Ages (Number)",0,Northern Mariana Islands,MNP,2012
Malaria,Deaths - Malaria - Sex: Both - Age: All Ages (Number),0,Northern Mariana Islands,MNP,2012
Drug use disorders,Deaths - Drug use disorders - Sex: Both - Age: All Ages (Number),0,Northern Mariana Islands,MNP,2012
Exposure to forces of nature,Deaths - Exposure to forces of nature - Sex: Both - Age: All Ages (Number),0,Northern Mariana Islands,MNP,2012
Environmental heat and cold exposure,Deaths - Environmental heat and cold exposure - Sex: Both - Age: All Ages (Number),0,Northern Mariana Islands,MNP,2012
Conflict and terrorism,Deaths - Conflict and terrorism - Sex: Both - Age: All Ages (Number),0,Northern Mariana Islands,MNP,2012
Poisonings,Deaths - Poisonings - Sex: Both - Age: All Ages (Number),0,Northern Mariana Islands,MNP,2012
Acute hepatitis,Deaths - Acute hepatitis - Sex: Both - Age: All Ages (Number),0,Northern Mariana Islands,MNP,2012
Terrorism (deaths),Deaths - Terrorism (deaths) ---,,Northern Mariana Islands,MNP,2012
Number of executions (Amnesty International),Deaths - Number of executions (Amnesty International) ---,,Northern Mariana Islands,MNP,2012
Cardiovascular diseases,Deaths - Cardiovascular diseases - Sex: Both - Age: All Ages (Number),99,Northern Mariana Islands,MNP,2013
Neoplasms,Deaths - Neoplasms - Sex: Both - Age: All Ages (Number),67,Northern Mariana Islands,MNP,2013
Diabetes mellitus,Deaths - Diabetes mellitus - Sex: Both - Age: All Ages (Number),23,Northern Mariana Islands,MNP,2013
Chronic kidney disease,Deaths - Chronic kidney disease - Sex: Both - Age: All Ages (Number),20,Northern Mariana Islands,MNP,2013
Digestive diseases,Deaths - Digestive diseases - Sex: Both - Age: All Ages (Number),18,Northern Mariana Islands,MNP,2013
Chronic respiratory diseases,Deaths - Chronic respiratory diseases - Sex: Both - Age: All Ages (Number),16,Northern Mariana Islands,MNP,2013
Cirrhosis and other chronic liver diseases,Deaths - Cirrhosis and other chronic liver diseases - Sex: Both - Age: All Ages (Number),12,Northern Mariana Islands,MNP,2013
Lower respiratory infections,Deaths - Lower respiratory infections - Sex: Both - Age: All Ages (Number),10,Northern Mariana Islands,MNP,2013
Self-harm,Deaths - Self-harm - Sex: Both - Age: All Ages (Number),8,Northern Mariana Islands,MNP,2013
Road injuries,Deaths - Road injuries - Sex: Both - Age: All Ages (Number),7,Northern Mariana Islands,MNP,2013
Drowning,Deaths - Drowning - Sex: Both - Age: All Ages (Number),4,Northern Mariana Islands,MNP,2013
Alzheimer's disease and other dementias,Deaths - Alzheimer's disease and other dementias - Sex: Both - Age: All Ages (Number),4,Northern Mariana Islands,MNP,2013
Interpersonal violence,Deaths - Interpersonal violence - Sex: Both - Age: All Ages (Number),3,Northern Mariana Islands,MNP,2013
Neonatal disorders,Deaths - Neonatal disorders - Sex: Both - Age: All Ages (Number),2,Northern Mariana Islands,MNP,2013
Alcohol use disorders,Deaths - Alcohol use disorders - Sex: Both - Age: All Ages (Number),2,Northern Mariana Islands,MNP,2013
Diarrheal diseases,Deaths - Diarrheal diseases - Sex: Both - Age: All Ages (Number),2,Northern Mariana Islands,MNP,2013
Parkinson's disease,Deaths - Parkinson's disease - Sex: Both - Age: All Ages (Number),2,Northern Mariana Islands,MNP,2013
HIV/AIDS,Deaths - HIV/AIDS - Sex: Both - Age: All Ages (Number),1,Northern Mariana Islands,MNP,2013
Tuberculosis,Deaths - Tuberculosis - Sex: Both - Age: All Ages (Number),1,Northern Mariana Islands,MNP,2013
Maternal disorders,Deaths - Maternal disorders - Sex: Both - Age: All Ages (Number),1,Northern Mariana Islands,MNP,2013
Nutritional deficiencies,Deaths - Nutritional deficiencies - Sex: Both - Age: All Ages (Number),1,Northern Mariana Islands,MNP,2013
Protein-energy malnutrition,Deaths - Protein-energy malnutrition - Sex: Both - Age: All Ages (Number),1,Northern Mariana Islands,MNP,2013
Meningitis,Deaths - Meningitis - Sex: Both - Age: All Ages (Number),0,Northern Mariana Islands,MNP,2013
"Fire, heat, and hot substances","Deaths - Fire, heat, and hot substances - Sex: Both - Age: All Ages (Number)",0,Northern Mariana Islands,MNP,2013
Malaria,Deaths - Malaria - Sex: Both - Age: All Ages (Number),0,Northern Mariana Islands,MNP,2013
Drug use disorders,Deaths - Drug use disorders - Sex: Both - Age: All Ages (Number),0,Northern Mariana Islands,MNP,2013
Exposure to forces of nature,Deaths - Exposure to forces of nature - Sex: Both - Age: All Ages (Number),0,Northern Mariana Islands,MNP,2013
Environmental heat and cold exposure,Deaths - Environmental heat and cold exposure - Sex: Both - Age: All Ages (Number),0,Northern Mariana Islands,MNP,2013
Conflict and terrorism,Deaths - Conflict and terrorism - Sex: Both - Age: All Ages (Number),0,Northern Mariana Islands,MNP,2013
Poisonings,Deaths - Poisonings - Sex: Both - Age: All Ages (Number),0,Northern Mariana Islands,MNP,2013
Acute hepatitis,Deaths - Acute hepatitis - Sex: Both - Age: All Ages (Number),0,Northern Mariana Islands,MNP,2013
Terrorism (deaths),Deaths - Terrorism (deaths) ---,,Northern Mariana Islands,MNP,2013
Number of executions (Amnesty International),Deaths - Number of executions (Amnesty International) ---,,Northern Mariana Islands,MNP,2013
Cardiovascular diseases,Deaths - Cardiovascular diseases - Sex: Both - Age: All Ages (Number),102,Northern Mariana Islands,MNP,2014
Neoplasms,Deaths - Neoplasms - Sex: Both - Age: All Ages (Number),69,Northern Mariana Islands,MNP,2014
Diabetes mellitus,Deaths - Diabetes mellitus - Sex: Both - Age: All Ages (Number),24,Northern Mariana Islands,MNP,2014
Chronic kidney disease,Deaths - Chronic kidney disease - Sex: Both - Age: All Ages (Number),21,Northern Mariana Islands,MNP,2014
Digestive diseases,Deaths - Digestive diseases - Sex: Both - Age: All Ages (Number),18,Northern Mariana Islands,MNP,2014
Chronic respiratory diseases,Deaths - Chronic respiratory diseases - Sex: Both - Age: All Ages (Number),16,Northern Mariana Islands,MNP,2014
Cirrhosis and other chronic liver diseases,Deaths - Cirrhosis and other chronic liver diseases - Sex: Both - Age: All Ages (Number),12,Northern Mariana Islands,MNP,2014
Lower respiratory infections,Deaths - Lower respiratory infections - Sex: Both - Age: All Ages (Number),10,Northern Mariana Islands,MNP,2014
Self-harm,Deaths - Self-harm - Sex: Both - Age: All Ages (Number),8,Northern Mariana Islands,MNP,2014
Road injuries,Deaths - Road injuries - Sex: Both - Age: All Ages (Number),6,Northern Mariana Islands,MNP,2014
Drowning,Deaths - Drowning - Sex: Both - Age: All Ages (Number),4,Northern Mariana Islands,MNP,2014
Alzheimer's disease and other dementias,Deaths - Alzheimer's disease and other dementias - Sex: Both - Age: All Ages (Number),4,Northern Mariana Islands,MNP,2014
Interpersonal violence,Deaths - Interpersonal violence - Sex: Both - Age: All Ages (Number),3,Northern Mariana Islands,MNP,2014
Neonatal disorders,Deaths - Neonatal disorders - Sex: Both - Age: All Ages (Number),2,Northern Mariana Islands,MNP,2014
Alcohol use disorders,Deaths - Alcohol use disorders - Sex: Both - Age: All Ages (Number),2,Northern Mariana Islands,MNP,2014
Diarrheal diseases,Deaths - Diarrheal diseases - Sex: Both - Age: All Ages (Number),2,Northern Mariana Islands,MNP,2014
Parkinson's disease,Deaths - Parkinson's disease - Sex: Both - Age: All Ages (Number),2,Northern Mariana Islands,MNP,2014
HIV/AIDS,Deaths - HIV/AIDS - Sex: Both - Age: All Ages (Number),1,Northern Mariana Islands,MNP,2014
Tuberculosis,Deaths - Tuberculosis - Sex: Both - Age: All Ages (Number),1,Northern Mariana Islands,MNP,2014
Maternal disorders,Deaths - Maternal disorders - Sex: Both - Age: All Ages (Number),1,Northern Mariana Islands,MNP,2014
Nutritional deficiencies,Deaths - Nutritional deficiencies - Sex: Both - Age: All Ages (Number),1,Northern Mariana Islands,MNP,2014
Protein-energy malnutrition,Deaths - Protein-energy malnutrition - Sex: Both - Age: All Ages (Number),1,Northern Mariana Islands,MNP,2014
Meningitis,Deaths - Meningitis - Sex: Both - Age: All Ages (Number),0,Northern Mariana Islands,MNP,2014
"Fire, heat, and hot substances","Deaths - Fire, heat, and hot substances - Sex: Both - Age: All Ages (Number)",0,Northern Mariana Islands,MNP,2014
Malaria,Deaths - Malaria - Sex: Both - Age: All Ages (Number),0,Northern Mariana Islands,MNP,2014
Drug use disorders,Deaths - Drug use disorders - Sex: Both - Age: All Ages (Number),0,Northern Mariana Islands,MNP,2014
Exposure to forces of nature,Deaths - Exposure to forces of nature - Sex: Both - Age: All Ages (Number),0,Northern Mariana Islands,MNP,2014
Environmental heat and cold exposure,Deaths - Environmental heat and cold exposure - Sex: Both - Age: All Ages (Number),0,Northern Mariana Islands,MNP,2014
Conflict and terrorism,Deaths - Conflict and terrorism - Sex: Both - Age: All Ages (Number),0,Northern Mariana Islands,MNP,2014
Poisonings,Deaths - Poisonings - Sex: Both - Age: All Ages (Number),0,Northern Mariana Islands,MNP,2014
Acute hepatitis,Deaths - Acute hepatitis - Sex: Both - Age: All Ages (Number),0,Northern Mariana Islands,MNP,2014
Terrorism (deaths),Deaths - Terrorism (deaths) ---,,Northern Mariana Islands,MNP,2014
Number of executions (Amnesty International),Deaths - Number of executions (Amnesty International) ---,,Northern Mariana Islands,MNP,2014
Cardiovascular diseases,Deaths - Cardiovascular diseases - Sex: Both - Age: All Ages (Number),105,Northern Mariana Islands,MNP,2015
Neoplasms,Deaths - Neoplasms - Sex: Both - Age: All Ages (Number),72,Northern Mariana Islands,MNP,2015
Diabetes mellitus,Deaths - Diabetes mellitus - Sex: Both - Age: All Ages (Number),24,Northern Mariana Islands,MNP,2015
Chronic kidney disease,Deaths - Chronic kidney disease - Sex: Both - Age: All Ages (Number),23,Northern Mariana Islands,MNP,2015
Digestive diseases,Deaths - Digestive diseases - Sex: Both - Age: All Ages (Number),18,Northern Mariana Islands,MNP,2015
Chronic respiratory diseases,Deaths - Chronic respiratory diseases - Sex: Both - Age: All Ages (Number),16,Northern Mariana Islands,MNP,2015
Cirrhosis and other chronic liver diseases,Deaths - Cirrhosis and other chronic liver diseases - Sex: Both - Age: All Ages (Number),12,Northern Mariana Islands,MNP,2015
Lower respiratory infections,Deaths - Lower respiratory infections - Sex: Both - Age: All Ages (Number),10,Northern Mariana Islands,MNP,2015
Self-harm,Deaths - Self-harm - Sex: Both - Age: All Ages (Number),8,Northern Mariana Islands,MNP,2015
Road injuries,Deaths - Road injuries - Sex: Both - Age: All Ages (Number),6,Northern Mariana Islands,MNP,2015
Alzheimer's disease and other dementias,Deaths - Alzheimer's disease and other dementias - Sex: Both - Age: All Ages (Number),5,Northern Mariana Islands,MNP,2015
Drowning,Deaths - Drowning - Sex: Both - Age: All Ages (Number),4,Northern Mariana Islands,MNP,2015
Interpersonal violence,Deaths - Interpersonal violence - Sex: Both - Age: All Ages (Number),3,Northern Mariana Islands,MNP,2015
Neonatal disorders,Deaths - Neonatal disorders - Sex: Both - Age: All Ages (Number),2,Northern Mariana Islands,MNP,2015
Alcohol use disorders,Deaths - Alcohol use disorders - Sex: Both - Age: All Ages (Number),2,Northern Mariana Islands,MNP,2015
Diarrheal diseases,Deaths - Diarrheal diseases - Sex: Both - Age: All Ages (Number),2,Northern Mariana Islands,MNP,2015
Parkinson's disease,Deaths - Parkinson's disease - Sex: Both - Age: All Ages (Number),2,Northern Mariana Islands,MNP,2015
HIV/AIDS,Deaths - HIV/AIDS - Sex: Both - Age: All Ages (Number),1,Northern Mariana Islands,MNP,2015
Tuberculosis,Deaths - Tuberculosis - Sex: Both - Age: All Ages (Number),1,Northern Mariana Islands,MNP,2015
Maternal disorders,Deaths - Maternal disorders - Sex: Both - Age: All Ages (Number),1,Northern Mariana Islands,MNP,2015
Nutritional deficiencies,Deaths - Nutritional deficiencies - Sex: Both - Age: All Ages (Number),1,Northern Mariana Islands,MNP,2015
Protein-energy malnutrition,Deaths - Protein-energy malnutrition - Sex: Both - Age: All Ages (Number),1,Northern Mariana Islands,MNP,2015
Meningitis,Deaths - Meningitis - Sex: Both - Age: All Ages (Number),0,Northern Mariana Islands,MNP,2015
"Fire, heat, and hot substances","Deaths - Fire, heat, and hot substances - Sex: Both - Age: All Ages (Number)",0,Northern Mariana Islands,MNP,2015
Malaria,Deaths - Malaria - Sex: Both - Age: All Ages (Number),0,Northern Mariana Islands,MNP,2015
Drug use disorders,Deaths - Drug use disorders - Sex: Both - Age: All Ages (Number),0,Northern Mariana Islands,MNP,2015
Exposure to forces of nature,Deaths - Exposure to forces of nature - Sex: Both - Age: All Ages (Number),0,Northern Mariana Islands,MNP,2015
Environmental heat and cold exposure,Deaths - Environmental heat and cold exposure - Sex: Both - Age: All Ages (Number),0,Northern Mariana Islands,MNP,2015
Conflict and terrorism,Deaths - Conflict and terrorism - Sex: Both - Age: All Ages (Number),0,Northern Mariana Islands,MNP,2015
Poisonings,Deaths - Poisonings - Sex: Both - Age: All Ages (Number),0,Northern Mariana Islands,MNP,2015
Acute hepatitis,Deaths - Acute hepatitis - Sex: Both - Age: All Ages (Number),0,Northern Mariana Islands,MNP,2015
Terrorism (deaths),Deaths - Terrorism (deaths) ---,,Northern Mariana Islands,MNP,2015
Number of executions (Amnesty International),Deaths - Number of executions (Amnesty International) ---,,Northern Mariana Islands,MNP,2015
Cardiovascular diseases,Deaths - Cardiovascular diseases - Sex: Both - Age: All Ages (Number),110,Northern Mariana Islands,MNP,2016
Neoplasms,Deaths - Neoplasms - Sex: Both - Age: All Ages (Number),75,Northern Mariana Islands,MNP,2016
Diabetes mellitus,Deaths - Diabetes mellitus - Sex: Both - Age: All Ages (Number),25,Northern Mariana Islands,MNP,2016
Chronic kidney disease,Deaths - Chronic kidney disease - Sex: Both - Age: All Ages (Number),23,Northern Mariana Islands,MNP,2016
Digestive diseases,Deaths - Digestive diseases - Sex: Both - Age: All Ages (Number),18,Northern Mariana Islands,MNP,2016
Chronic respiratory diseases,Deaths - Chronic respiratory diseases - Sex: Both - Age: All Ages (Number),16,Northern Mariana Islands,MNP,2016
Cirrhosis and other chronic liver diseases,Deaths - Cirrhosis and other chronic liver diseases - Sex: Both - Age: All Ages (Number),13,Northern Mariana Islands,MNP,2016
Lower respiratory infections,Deaths - Lower respiratory infections - Sex: Both - Age: All Ages (Number),10,Northern Mariana Islands,MNP,2016
Self-harm,Deaths - Self-harm - Sex: Both - Age: All Ages (Number),8,Northern Mariana Islands,MNP,2016
Road injuries,Deaths - Road injuries - Sex: Both - Age: All Ages (Number),6,Northern Mariana Islands,MNP,2016
Alzheimer's disease and other dementias,Deaths - Alzheimer's disease and other dementias - Sex: Both - Age: All Ages (Number),5,Northern Mariana Islands,MNP,2016
Drowning,Deaths - Drowning - Sex: Both - Age: All Ages (Number),4,Northern Mariana Islands,MNP,2016
Interpersonal violence,Deaths - Interpersonal violence - Sex: Both - Age: All Ages (Number),3,Northern Mariana Islands,MNP,2016
Neonatal disorders,Deaths - Neonatal disorders - Sex: Both - Age: All Ages (Number),2,Northern Mariana Islands,MNP,2016
Alcohol use disorders,Deaths - Alcohol use disorders - Sex: Both - Age: All Ages (Number),2,Northern Mariana Islands,MNP,2016
Diarrheal diseases,Deaths - Diarrheal diseases - Sex: Both - Age: All Ages (Number),2,Northern Mariana Islands,MNP,2016
Parkinson's disease,Deaths - Parkinson's disease - Sex: Both - Age: All Ages (Number),2,Northern Mariana Islands,MNP,2016
HIV/AIDS,Deaths - HIV/AIDS - Sex: Both - Age: All Ages (Number),1,Northern Mariana Islands,MNP,2016
Tuberculosis,Deaths - Tuberculosis - Sex: Both - Age: All Ages (Number),1,Northern Mariana Islands,MNP,2016
Maternal disorders,Deaths - Maternal disorders - Sex: Both - Age: All Ages (Number),1,Northern Mariana Islands,MNP,2016
Nutritional deficiencies,Deaths - Nutritional deficiencies - Sex: Both - Age: All Ages (Number),1,Northern Mariana Islands,MNP,2016
Protein-energy malnutrition,Deaths - Protein-energy malnutrition - Sex: Both - Age: All Ages (Number),1,Northern Mariana Islands,MNP,2016
Meningitis,Deaths - Meningitis - Sex: Both - Age: All Ages (Number),0,Northern Mariana Islands,MNP,2016
"Fire, heat, and hot substances","Deaths - Fire, heat, and hot substances - Sex: Both - Age: All Ages (Number)",0,Northern Mariana Islands,MNP,2016
Malaria,Deaths - Malaria - Sex: Both - Age: All Ages (Number),0,Northern Mariana Islands,MNP,2016
Drug use disorders,Deaths - Drug use disorders - Sex: Both - Age: All Ages (Number),0,Northern Mariana Islands,MNP,2016
Exposure to forces of nature,Deaths - Exposure to forces of nature - Sex: Both - Age: All Ages (Number),0,Northern Mariana Islands,MNP,2016
Environmental heat and cold exposure,Deaths - Environmental heat and cold exposure - Sex: Both - Age: All Ages (Number),0,Northern Mariana Islands,MNP,2016
Conflict and terrorism,Deaths - Conflict and terrorism - Sex: Both - Age: All Ages (Number),0,Northern Mariana Islands,MNP,2016
Poisonings,Deaths - Poisonings - Sex: Both - Age: All Ages (Number),0,Northern Mariana Islands,MNP,2016
Acute hepatitis,Deaths - Acute hepatitis - Sex: Both - Age: All Ages (Number),0,Northern Mariana Islands,MNP,2016
Terrorism (deaths),Deaths - Terrorism (deaths) ---,,Northern Mariana Islands,MNP,2016
Number of executions (Amnesty International),Deaths - Number of executions (Amnesty International) ---,,Northern Mariana Islands,MNP,2016
Cardiovascular diseases,Deaths - Cardiovascular diseases - Sex: Both - Age: All Ages (Number),112,Northern Mariana Islands,MNP,2017
Neoplasms,Deaths - Neoplasms - Sex: Both - Age: All Ages (Number),77,Northern Mariana Islands,MNP,2017
Diabetes mellitus,Deaths - Diabetes mellitus - Sex: Both - Age: All Ages (Number),26,Northern Mariana Islands,MNP,2017
Chronic kidney disease,Deaths - Chronic kidney disease - Sex: Both - Age: All Ages (Number),23,Northern Mariana Islands,MNP,2017
Digestive diseases,Deaths - Digestive diseases - Sex: Both - Age: All Ages (Number),19,Northern Mariana Islands,MNP,2017
Chronic respiratory diseases,Deaths - Chronic respiratory diseases - Sex: Both - Age: All Ages (Number),17,Northern Mariana Islands,MNP,2017
Cirrhosis and other chronic liver diseases,Deaths - Cirrhosis and other chronic liver diseases - Sex: Both - Age: All Ages (Number),13,Northern Mariana Islands,MNP,2017
Lower respiratory infections,Deaths - Lower respiratory infections - Sex: Both - Age: All Ages (Number),10,Northern Mariana Islands,MNP,2017
Self-harm,Deaths - Self-harm - Sex: Both - Age: All Ages (Number),8,Northern Mariana Islands,MNP,2017
Road injuries,Deaths - Road injuries - Sex: Both - Age: All Ages (Number),6,Northern Mariana Islands,MNP,2017
Alzheimer's disease and other dementias,Deaths - Alzheimer's disease and other dementias - Sex: Both - Age: All Ages (Number),5,Northern Mariana Islands,MNP,2017
Drowning,Deaths - Drowning - Sex: Both - Age: All Ages (Number),4,Northern Mariana Islands,MNP,2017
Interpersonal violence,Deaths - Interpersonal violence - Sex: Both - Age: All Ages (Number),3,Northern Mariana Islands,MNP,2017
Neonatal disorders,Deaths - Neonatal disorders - Sex: Both - Age: All Ages (Number),2,Northern Mariana Islands,MNP,2017
Alcohol use disorders,Deaths - Alcohol use disorders - Sex: Both - Age: All Ages (Number),2,Northern Mariana Islands,MNP,2017
Diarrheal diseases,Deaths - Diarrheal diseases - Sex: Both - Age: All Ages (Number),2,Northern Mariana Islands,MNP,2017
Parkinson's disease,Deaths - Parkinson's disease - Sex: Both - Age: All Ages (Number),2,Northern Mariana Islands,MNP,2017
HIV/AIDS,Deaths - HIV/AIDS - Sex: Both - Age: All Ages (Number),1,Northern Mariana Islands,MNP,2017
Tuberculosis,Deaths - Tuberculosis - Sex: Both - Age: All Ages (Number),1,Northern Mariana Islands,MNP,2017
Maternal disorders,Deaths - Maternal disorders - Sex: Both - Age: All Ages (Number),1,Northern Mariana Islands,MNP,2017
Nutritional deficiencies,Deaths - Nutritional deficiencies - Sex: Both - Age: All Ages (Number),1,Northern Mariana Islands,MNP,2017
Protein-energy malnutrition,Deaths - Protein-energy malnutrition - Sex: Both - Age: All Ages (Number),1,Northern Mariana Islands,MNP,2017
Meningitis,Deaths - Meningitis - Sex: Both - Age: All Ages (Number),0,Northern Mariana Islands,MNP,2017
"Fire, heat, and hot substances","Deaths - Fire, heat, and hot substances - Sex: Both - Age: All Ages (Number)",0,Northern Mariana Islands,MNP,2017
Malaria,Deaths - Malaria - Sex: Both - Age: All Ages (Number),0,Northern Mariana Islands,MNP,2017
Drug use disorders,Deaths - Drug use disorders - Sex: Both - Age: All Ages (Number),0,Northern Mariana Islands,MNP,2017
Exposure to forces of nature,Deaths - Exposure to forces of nature - Sex: Both - Age: All Ages (Number),0,Northern Mariana Islands,MNP,2017
Environmental heat and cold exposure,Deaths - Environmental heat and cold exposure - Sex: Both - Age: All Ages (Number),0,Northern Mariana Islands,MNP,2017
Conflict and terrorism,Deaths - Conflict and terrorism - Sex: Both - Age: All Ages (Number),0,Northern Mariana Islands,MNP,2017
Poisonings,Deaths - Poisonings - Sex: Both - Age: All Ages (Number),0,Northern Mariana Islands,MNP,2017
Acute hepatitis,Deaths - Acute hepatitis - Sex: Both - Age: All Ages (Number),0,Northern Mariana Islands,MNP,2017
Terrorism (deaths),Deaths - Terrorism (deaths) ---,,Northern Mariana Islands,MNP,2017
Number of executions (Amnesty International),Deaths - Number of executions (Amnesty International) ---,,Northern Mariana Islands,MNP,2017
Cardiovascular diseases,Deaths - Cardiovascular diseases - Sex: Both - Age: All Ages (Number),114,Northern Mariana Islands,MNP,2018
Neoplasms,Deaths - Neoplasms - Sex: Both - Age: All Ages (Number),79,Northern Mariana Islands,MNP,2018
Diabetes mellitus,Deaths - Diabetes mellitus - Sex: Both - Age: All Ages (Number),26,Northern Mariana Islands,MNP,2018
Chronic kidney disease,Deaths - Chronic kidney disease - Sex: Both - Age: All Ages (Number),24,Northern Mariana Islands,MNP,2018
Digestive diseases,Deaths - Digestive diseases - Sex: Both - Age: All Ages (Number),19,Northern Mariana Islands,MNP,2018
Chronic respiratory diseases,Deaths - Chronic respiratory diseases - Sex: Both - Age: All Ages (Number),17,Northern Mariana Islands,MNP,2018
Cirrhosis and other chronic liver diseases,Deaths - Cirrhosis and other chronic liver diseases - Sex: Both - Age: All Ages (Number),13,Northern Mariana Islands,MNP,2018
Lower respiratory infections,Deaths - Lower respiratory infections - Sex: Both - Age: All Ages (Number),10,Northern Mariana Islands,MNP,2018
Self-harm,Deaths - Self-harm - Sex: Both - Age: All Ages (Number),8,Northern Mariana Islands,MNP,2018
Road injuries,Deaths - Road injuries - Sex: Both - Age: All Ages (Number),6,Northern Mariana Islands,MNP,2018
Alzheimer's disease and other dementias,Deaths - Alzheimer's disease and other dementias - Sex: Both - Age: All Ages (Number),5,Northern Mariana Islands,MNP,2018
Drowning,Deaths - Drowning - Sex: Both - Age: All Ages (Number),3,Northern Mariana Islands,MNP,2018
Interpersonal violence,Deaths - Interpersonal violence - Sex: Both - Age: All Ages (Number),3,Northern Mariana Islands,MNP,2018
Neonatal disorders,Deaths - Neonatal disorders - Sex: Both - Age: All Ages (Number),2,Northern Mariana Islands,MNP,2018
Alcohol use disorders,Deaths - Alcohol use disorders - Sex: Both - Age: All Ages (Number),2,Northern Mariana Islands,MNP,2018
Exposure to forces of nature,Deaths - Exposure to forces of nature - Sex: Both - Age: All Ages (Number),2,Northern Mariana Islands,MNP,2018
Diarrheal diseases,Deaths - Diarrheal diseases - Sex: Both - Age: All Ages (Number),2,Northern Mariana Islands,MNP,2018
Parkinson's disease,Deaths - Parkinson's disease - Sex: Both - Age: All Ages (Number),2,Northern Mariana Islands,MNP,2018
HIV/AIDS,Deaths - HIV/AIDS - Sex: Both - Age: All Ages (Number),1,Northern Mariana Islands,MNP,2018
Tuberculosis,Deaths - Tuberculosis - Sex: Both - Age: All Ages (Number),1,Northern Mariana Islands,MNP,2018
Nutritional deficiencies,Deaths - Nutritional deficiencies - Sex: Both - Age: All Ages (Number),1,Northern Mariana Islands,MNP,2018
Protein-energy malnutrition,Deaths - Protein-energy malnutrition - Sex: Both - Age: All Ages (Number),1,Northern Mariana Islands,MNP,2018
Meningitis,Deaths - Meningitis - Sex: Both - Age: All Ages (Number),0,Northern Mariana Islands,MNP,2018
"Fire, heat, and hot substances","Deaths - Fire, heat, and hot substances - Sex: Both - Age: All Ages (Number)",0,Northern Mariana Islands,MNP,2018
Malaria,Deaths - Malaria - Sex: Both - Age: All Ages (Number),0,Northern Mariana Islands,MNP,2018
Drug use disorders,Deaths - Drug use disorders - Sex: Both - Age: All Ages (Number),0,Northern Mariana Islands,MNP,2018
Maternal disorders,Deaths - Maternal disorders - Sex: Both - Age: All Ages (Number),0,Northern Mariana Islands,MNP,2018
Environmental heat and cold exposure,Deaths - Environmental heat and cold exposure - Sex: Both - Age: All Ages (Number),0,Northern Mariana Islands,MNP,2018
Conflict and terrorism,Deaths - Conflict and terrorism - Sex: Both - Age: All Ages (Number),0,Northern Mariana Islands,MNP,2018
Poisonings,Deaths - Poisonings - Sex: Both - Age: All Ages (Number),0,Northern Mariana Islands,MNP,2018
Acute hepatitis,Deaths - Acute hepatitis - Sex: Both - Age: All Ages (Number),0,Northern Mariana Islands,MNP,2018
Terrorism (deaths),Deaths - Terrorism (deaths) ---,,Northern Mariana Islands,MNP,2018
Number of executions (Amnesty International),Deaths - Number of executions (Amnesty International) ---,,Northern Mariana Islands,MNP,2018
Cardiovascular diseases,Deaths - Cardiovascular diseases - Sex: Both - Age: All Ages (Number),116,Northern Mariana Islands,MNP,2019
Neoplasms,Deaths - Neoplasms - Sex: Both - Age: All Ages (Number),80,Northern Mariana Islands,MNP,2019
Diabetes mellitus,Deaths - Diabetes mellitus - Sex: Both - Age: All Ages (Number),27,Northern Mariana Islands,MNP,2019
Chronic kidney disease,Deaths - Chronic kidney disease - Sex: Both - Age: All Ages (Number),24,Northern Mariana Islands,MNP,2019
Digestive diseases,Deaths - Digestive diseases - Sex: Both - Age: All Ages (Number),19,Northern Mariana Islands,MNP,2019
Chronic respiratory diseases,Deaths - Chronic respiratory diseases - Sex: Both - Age: All Ages (Number),17,Northern Mariana Islands,MNP,2019
Cirrhosis and other chronic liver diseases,Deaths - Cirrhosis and other chronic liver diseases - Sex: Both - Age: All Ages (Number),13,Northern Mariana Islands,MNP,2019
Lower respiratory infections,Deaths - Lower respiratory infections - Sex: Both - Age: All Ages (Number),11,Northern Mariana Islands,MNP,2019
Self-harm,Deaths - Self-harm - Sex: Both - Age: All Ages (Number),8,Northern Mariana Islands,MNP,2019
Road injuries,Deaths - Road injuries - Sex: Both - Age: All Ages (Number),6,Northern Mariana Islands,MNP,2019
Alzheimer's disease and other dementias,Deaths - Alzheimer's disease and other dementias - Sex: Both - Age: All Ages (Number),5,Northern Mariana Islands,MNP,2019
Drowning,Deaths - Drowning - Sex: Both - Age: All Ages (Number),3,Northern Mariana Islands,MNP,2019
Interpersonal violence,Deaths - Interpersonal violence - Sex: Both - Age: All Ages (Number),3,Northern Mariana Islands,MNP,2019
Parkinson's disease,Deaths - Parkinson's disease - Sex: Both - Age: All Ages (Number),3,Northern Mariana Islands,MNP,2019
Neonatal disorders,Deaths - Neonatal disorders - Sex: Both - Age: All Ages (Number),2,Northern Mariana Islands,MNP,2019
Alcohol use disorders,Deaths - Alcohol use disorders - Sex: Both - Age: All Ages (Number),2,Northern Mariana Islands,MNP,2019
Diarrheal diseases,Deaths - Diarrheal diseases - Sex: Both - Age: All Ages (Number),2,Northern Mariana Islands,MNP,2019
HIV/AIDS,Deaths - HIV/AIDS - Sex: Both - Age: All Ages (Number),1,Northern Mariana Islands,MNP,2019
Tuberculosis,Deaths - Tuberculosis - Sex: Both - Age: All Ages (Number),1,Northern Mariana Islands,MNP,2019
Nutritional deficiencies,Deaths - Nutritional deficiencies - Sex: Both - Age: All Ages (Number),1,Northern Mariana Islands,MNP,2019
Protein-energy malnutrition,Deaths - Protein-energy malnutrition - Sex: Both - Age: All Ages (Number),1,Northern Mariana Islands,MNP,2019
Meningitis,Deaths - Meningitis - Sex: Both - Age: All Ages (Number),0,Northern Mariana Islands,MNP,2019
"Fire, heat, and hot substances","Deaths - Fire, heat, and hot substances - Sex: Both - Age: All Ages (Number)",0,Northern Mariana Islands,MNP,2019
Malaria,Deaths - Malaria - Sex: Both - Age: All Ages (Number),0,Northern Mariana Islands,MNP,2019
Drug use disorders,Deaths - Drug use disorders - Sex: Both - Age: All Ages (Number),0,Northern Mariana Islands,MNP,2019
Maternal disorders,Deaths - Maternal disorders - Sex: Both - Age: All Ages (Number),0,Northern Mariana Islands,MNP,2019
Exposure to forces of nature,Deaths - Exposure to forces of nature - Sex: Both - Age: All Ages (Number),0,Northern Mariana Islands,MNP,2019
Environmental heat and cold exposure,Deaths - Environmental heat and cold exposure - Sex: Both - Age: All Ages (Number),0,Northern Mariana Islands,MNP,2019
Conflict and terrorism,Deaths - Conflict and terrorism - Sex: Both - Age: All Ages (Number),0,Northern Mariana Islands,MNP,2019
Poisonings,Deaths - Poisonings - Sex: Both - Age: All Ages (Number),0,Northern Mariana Islands,MNP,2019
Acute hepatitis,Deaths - Acute hepatitis - Sex: Both - Age: All Ages (Number),0,Northern Mariana Islands,MNP,2019
Terrorism (deaths),Deaths - Terrorism (deaths) ---,,Northern Mariana Islands,MNP,2019
Number of executions (Amnesty International),Deaths - Number of executions (Amnesty International) ---,,Northern Mariana Islands,MNP,2019
